50 50
1 49 949903169
11 50 413539802
11 29 238406206
14 45 614036005
33 46 383394525
11 43 67510989
2 21 548284510
18 36 500565975
15 47 803163898
26 44 621743138
21 48 498804699
25 33 740443531
23 28 324207747
13 24 747481990
21 50 567178873
12 24 544426962
32 39 466594766
18 43 183943612
7 40 77090951
10 26 135770302
11 44 684520387
6 32 640056025
21 29 503718289
18 49 683147365
17 40 951902939
17 49 443462893
1 35 666905387
48 49 263083225
5 16 64274976
1 40 882454298
18 22 687477900
19 40 564239874
9 26 707722766
3 50 812723524
23 49 101094329
7 20 983363529
16 33 189076907
26 33 140021042
13 28 706515815
6 44 88547988
35 45 76289364
15 49 752695839
29 36 539789220
37 39 674480277
44 46 499188348
33 47 68490791
1 32 223048942
23 50 566779572
12 25 10752509
5 6 200917592
