300 100
1 2
2 3
3 4
4 5
5 6
6 7
7 8
8 9
9 10
10 11
11 12
12 13
13 14
14 15
15 16
16 17
17 18
18 19
19 20
20 21
21 22
22 23
23 24
24 25
25 26
26 27
27 28
28 29
29 30
30 31
31 32
32 33
33 34
34 35
35 36
36 37
37 38
38 39
39 40
40 41
41 42
42 43
43 44
44 45
45 46
46 47
47 48
48 49
49 50
50 51
51 52
52 53
53 54
54 55
55 56
56 57
57 58
58 59
59 60
60 61
61 62
62 63
63 64
64 65
65 66
66 67
67 68
68 69
69 70
70 71
71 72
72 73
73 74
74 75
75 76
76 77
77 78
78 79
79 80
80 81
81 82
82 83
83 84
84 85
85 86
86 87
87 88
88 89
89 90
90 91
91 92
92 93
93 94
94 95
95 96
96 97
97 98
98 99
99 100
25 101
71 102
49 103
94 104
4 105
29 106
11 107
64 108
66 109
44 110
24 111
78 112
41 113
24 114
23 115
79 116
84 117
62 118
49 119
6 120
73 121
72 122
60 123
94 124
62 125
49 126
10 127
27 128
2 129
33 130
11 131
26 132
3 133
11 134
71 135
58 136
40 137
33 138
21 139
57 140
28 141
96 142
86 143
21 144
71 145
9 146
51 147
54 148
22 149
99 150
60 151
46 152
71 153
71 154
92 155
84 156
19 157
1 158
10 159
72 160
33 161
20 162
49 163
87 164
31 165
71 166
44 167
22 168
4 169
17 170
78 171
83 172
12 173
16 174
3 175
83 176
24 177
53 178
88 179
97 180
4 181
47 182
43 183
26 184
17 185
34 186
9 187
87 188
86 189
18 190
10 191
71 192
90 193
58 194
57 195
20 196
29 197
1 198
41 199
84 200
17 201
70 202
66 203
80 204
85 205
21 206
62 207
60 208
73 209
50 210
57 211
28 212
48 213
51 214
53 215
17 216
84 217
61 218
55 219
69 220
31 221
65 222
39 223
20 224
74 225
96 226
39 227
54 228
48 229
31 230
37 231
16 232
52 233
55 234
95 235
37 236
75 237
9 238
48 239
99 240
10 241
56 242
27 243
9 244
6 245
31 246
77 247
89 248
92 249
32 250
10 251
22 252
48 253
48 254
93 255
73 256
95 257
83 258
27 259
42 260
13 261
63 262
9 263
64 264
17 265
56 266
52 267
43 268
64 269
100 270
42 271
25 272
55 273
20 274
33 275
13 276
50 277
62 278
1 279
93 280
45 281
10 282
66 283
92 284
10 285
58 286
16 287
4 288
40 289
42 290
98 291
4 292
57 293
6 294
68 295
25 296
61 297
71 298
68 299
76 300
122
161
300
229
280
185
241
29
98
241
122
42
3
287
185
12
297
300
215
236
142
64
140
250
270
259
174
282
281
41
10
103
201
61
31
232
245
271
261
42
263
134
135
265
172
19
28
168
19
295
156
212
58
47
161
79
57
86
61
37
127
122
139
79
182
221
11
179
243
23
220
206
208
107
222
131
125
250
51
195
296
206
158
53
4
18
132
60
156
244
96
282
65
287
112
246
259
174
124
202
