3000
1 2
2 3
2 4
2 5
4 6
4 7
5 8
6 9
3 10
6 11
1 12
5 13
5 14
9 15
4 16
13 17
3 18
18 19
19 20
18 21
10 22
20 23
5 24
17 25
7 26
17 27
15 28
20 29
28 30
15 31
6 32
28 33
20 34
29 35
19 36
4 37
19 38
14 39
10 40
30 41
28 42
37 43
12 44
19 45
41 46
10 47
18 48
20 49
14 50
15 51
50 52
50 53
4 54
47 55
2 56
16 57
38 58
8 59
24 60
28 61
26 62
16 63
44 64
41 65
35 66
60 67
48 68
46 69
22 70
22 71
6 72
17 73
63 74
31 75
68 76
39 77
16 78
38 79
33 80
11 81
75 82
15 83
4 84
45 85
15 86
41 87
71 88
52 89
67 90
69 91
76 92
64 93
2 94
68 95
21 96
48 97
38 98
50 99
69 100
80 101
78 102
17 103
26 104
54 105
75 106
101 107
75 108
81 109
107 110
44 111
14 112
74 113
72 114
25 115
81 116
35 117
102 118
37 119
105 120
67 121
108 122
37 123
120 124
13 125
13 126
34 127
26 128
108 129
56 130
75 131
7 132
67 133
92 134
96 135
20 136
112 137
77 138
101 139
108 140
128 141
104 142
116 143
42 144
65 145
138 146
99 147
108 148
146 149
19 150
129 151
15 152
50 153
62 154
31 155
100 156
32 157
40 158
93 159
20 160
39 161
18 162
45 163
88 164
149 165
100 166
98 167
148 168
129 169
11 170
50 171
55 172
108 173
72 174
28 175
97 176
53 177
155 178
1 179
73 180
80 181
122 182
177 183
49 184
96 185
30 186
11 187
121 188
148 189
166 190
97 191
154 192
104 193
153 194
23 195
191 196
28 197
66 198
90 199
114 200
53 201
123 202
155 203
71 204
108 205
122 206
6 207
77 208
152 209
15 210
190 211
93 212
186 213
168 214
4 215
1 216
92 217
8 218
59 219
212 220
102 221
190 222
216 223
223 224
83 225
175 226
180 227
137 228
102 229
132 230
109 231
28 232
26 233
231 234
138 235
113 236
106 237
22 238
186 239
161 240
240 241
27 242
126 243
114 244
62 245
218 246
90 247
137 248
126 249
74 250
106 251
111 252
199 253
191 254
211 255
113 256
37 257
68 258
82 259
87 260
24 261
231 262
41 263
50 264
175 265
6 266
51 267
74 268
54 269
27 270
69 271
194 272
271 273
78 274
86 275
246 276
131 277
171 278
138 279
51 280
179 281
124 282
143 283
117 284
84 285
11 286
85 287
2 288
103 289
146 290
28 291
153 292
78 293
30 294
286 295
49 296
101 297
212 298
98 299
101 300
59 301
228 302
216 303
236 304
30 305
93 306
171 307
251 308
59 309
108 310
103 311
203 312
164 313
266 314
48 315
78 316
206 317
30 318
255 319
134 320
94 321
135 322
257 323
254 324
179 325
204 326
92 327
80 328
226 329
87 330
174 331
4 332
282 333
65 334
261 335
165 336
241 337
316 338
188 339
48 340
137 341
291 342
117 343
170 344
214 345
208 346
336 347
214 348
29 349
224 350
52 351
147 352
155 353
240 354
63 355
240 356
178 357
25 358
91 359
71 360
287 361
11 362
111 363
147 364
84 365
83 366
211 367
242 368
287 369
280 370
301 371
56 372
163 373
31 374
225 375
244 376
231 377
94 378
98 379
243 380
377 381
38 382
231 383
366 384
192 385
347 386
332 387
96 388
75 389
96 390
162 391
141 392
62 393
154 394
325 395
320 396
239 397
285 398
135 399
125 400
72 401
215 402
306 403
137 404
344 405
101 406
156 407
317 408
1 409
105 410
119 411
252 412
28 413
264 414
156 415
220 416
394 417
209 418
359 419
402 420
408 421
14 422
407 423
301 424
192 425
18 426
381 427
321 428
409 429
229 430
122 431
124 432
368 433
139 434
304 435
286 436
257 437
10 438
158 439
5 440
251 441
21 442
28 443
132 444
44 445
407 446
161 447
37 448
375 449
91 450
32 451
221 452
320 453
162 454
304 455
362 456
363 457
127 458
423 459
116 460
76 461
271 462
452 463
272 464
48 465
442 466
300 467
74 468
374 469
42 470
16 471
197 472
123 473
204 474
358 475
330 476
198 477
367 478
369 479
209 480
174 481
157 482
412 483
198 484
224 485
72 486
121 487
439 488
443 489
398 490
109 491
144 492
76 493
136 494
369 495
176 496
1 497
434 498
207 499
231 500
425 501
363 502
306 503
375 504
291 505
151 506
230 507
503 508
149 509
461 510
426 511
469 512
450 513
10 514
353 515
297 516
345 517
86 518
107 519
17 520
204 521
417 522
459 523
356 524
405 525
300 526
472 527
284 528
280 529
274 530
483 531
285 532
433 533
402 534
483 535
264 536
190 537
25 538
346 539
512 540
252 541
420 542
15 543
18 544
259 545
507 546
12 547
282 548
332 549
58 550
462 551
301 552
255 553
330 554
202 555
496 556
348 557
267 558
301 559
5 560
436 561
240 562
101 563
341 564
222 565
296 566
311 567
171 568
142 569
136 570
447 571
517 572
257 573
178 574
193 575
412 576
23 577
574 578
161 579
41 580
303 581
138 582
576 583
203 584
566 585
20 586
288 587
372 588
124 589
432 590
532 591
211 592
580 593
535 594
211 595
345 596
230 597
309 598
537 599
195 600
440 601
569 602
417 603
233 604
379 605
394 606
565 607
385 608
96 609
501 610
3 611
376 612
464 613
16 614
159 615
81 616
378 617
561 618
283 619
562 620
516 621
330 622
25 623
80 624
455 625
323 626
589 627
350 628
53 629
110 630
260 631
497 632
386 633
116 634
316 635
502 636
472 637
181 638
462 639
346 640
636 641
469 642
168 643
616 644
190 645
312 646
598 647
217 648
268 649
505 650
323 651
556 652
337 653
457 654
581 655
571 656
562 657
110 658
286 659
242 660
218 661
349 662
364 663
450 664
189 665
268 666
343 667
299 668
651 669
288 670
213 671
268 672
594 673
37 674
436 675
433 676
410 677
242 678
346 679
113 680
533 681
627 682
365 683
605 684
184 685
647 686
477 687
315 688
61 689
276 690
541 691
289 692
511 693
594 694
527 695
336 696
136 697
271 698
160 699
292 700
423 701
239 702
440 703
579 704
5 705
503 706
132 707
88 708
315 709
624 710
255 711
678 712
482 713
182 714
43 715
244 716
289 717
602 718
130 719
154 720
64 721
312 722
634 723
222 724
523 725
614 726
395 727
187 728
660 729
566 730
222 731
447 732
276 733
338 734
665 735
602 736
660 737
607 738
175 739
515 740
463 741
418 742
373 743
314 744
447 745
355 746
651 747
724 748
114 749
663 750
227 751
374 752
539 753
435 754
313 755
136 756
112 757
48 758
752 759
109 760
514 761
173 762
166 763
438 764
98 765
433 766
506 767
527 768
2 769
483 770
609 771
568 772
349 773
106 774
171 775
750 776
245 777
546 778
740 779
376 780
657 781
105 782
156 783
718 784
441 785
760 786
165 787
381 788
688 789
178 790
237 791
758 792
785 793
429 794
233 795
358 796
418 797
724 798
237 799
554 800
513 801
339 802
9 803
312 804
260 805
600 806
399 807
771 808
536 809
331 810
597 811
240 812
693 813
582 814
141 815
707 816
763 817
248 818
116 819
269 820
409 821
322 822
709 823
2 824
768 825
476 826
702 827
309 828
718 829
309 830
827 831
79 832
333 833
332 834
754 835
828 836
544 837
619 838
461 839
408 840
269 841
631 842
347 843
770 844
574 845
21 846
704 847
641 848
604 849
348 850
650 851
510 852
37 853
745 854
171 855
190 856
466 857
457 858
663 859
779 860
402 861
347 862
494 863
638 864
157 865
410 866
88 867
219 868
4 869
34 870
390 871
684 872
797 873
523 874
107 875
174 876
54 877
58 878
589 879
24 880
325 881
335 882
448 883
515 884
249 885
303 886
32 887
820 888
71 889
548 890
817 891
658 892
848 893
791 894
642 895
110 896
687 897
134 898
784 899
191 900
727 901
436 902
175 903
154 904
774 905
400 906
384 907
29 908
696 909
827 910
678 911
43 912
440 913
361 914
549 915
778 916
878 917
636 918
396 919
882 920
814 921
591 922
518 923
95 924
470 925
320 926
652 927
239 928
404 929
277 930
123 931
572 932
930 933
627 934
613 935
41 936
759 937
889 938
281 939
711 940
445 941
914 942
822 943
612 944
372 945
41 946
280 947
770 948
863 949
487 950
44 951
561 952
943 953
208 954
409 955
138 956
945 957
162 958
151 959
831 960
465 961
509 962
435 963
590 964
593 965
79 966
766 967
574 968
97 969
569 970
292 971
462 972
65 973
909 974
570 975
323 976
670 977
371 978
476 979
18 980
199 981
193 982
364 983
52 984
9 985
85 986
24 987
862 988
94 989
454 990
950 991
522 992
602 993
432 994
918 995
536 996
410 997
594 998
369 999
452 1000
705 1001
699 1002
899 1003
679 1004
543 1005
440 1006
776 1007
693 1008
94 1009
17 1010
229 1011
731 1012
923 1013
983 1014
1006 1015
366 1016
840 1017
669 1018
391 1019
166 1020
241 1021
863 1022
241 1023
525 1024
377 1025
670 1026
734 1027
660 1028
227 1029
524 1030
219 1031
908 1032
188 1033
54 1034
149 1035
459 1036
491 1037
527 1038
597 1039
243 1040
847 1041
504 1042
762 1043
574 1044
599 1045
233 1046
94 1047
77 1048
11 1049
983 1050
116 1051
867 1052
486 1053
224 1054
440 1055
573 1056
49 1057
729 1058
795 1059
186 1060
608 1061
476 1062
320 1063
756 1064
8 1065
218 1066
869 1067
805 1068
903 1069
844 1070
147 1071
1026 1072
883 1073
499 1074
346 1075
1070 1076
565 1077
510 1078
652 1079
266 1080
1079 1081
647 1082
182 1083
977 1084
641 1085
880 1086
957 1087
464 1088
157 1089
522 1090
30 1091
817 1092
19 1093
264 1094
522 1095
58 1096
282 1097
1059 1098
452 1099
476 1100
799 1101
473 1102
714 1103
775 1104
876 1105
644 1106
442 1107
515 1108
301 1109
56 1110
1034 1111
851 1112
1051 1113
105 1114
665 1115
1079 1116
27 1117
1107 1118
318 1119
803 1120
797 1121
406 1122
477 1123
936 1124
355 1125
253 1126
646 1127
449 1128
52 1129
984 1130
694 1131
417 1132
480 1133
1064 1134
647 1135
947 1136
198 1137
271 1138
17 1139
1038 1140
714 1141
386 1142
692 1143
1074 1144
767 1145
492 1146
683 1147
937 1148
597 1149
528 1150
521 1151
634 1152
992 1153
1088 1154
751 1155
893 1156
532 1157
182 1158
412 1159
1091 1160
431 1161
840 1162
691 1163
199 1164
105 1165
300 1166
1132 1167
1131 1168
805 1169
421 1170
627 1171
767 1172
555 1173
527 1174
85 1175
1015 1176
34 1177
541 1178
909 1179
1125 1180
790 1181
935 1182
12 1183
105 1184
762 1185
94 1186
685 1187
276 1188
705 1189
285 1190
1136 1191
1092 1192
1112 1193
1175 1194
675 1195
319 1196
174 1197
206 1198
858 1199
538 1200
893 1201
475 1202
265 1203
675 1204
93 1205
470 1206
735 1207
27 1208
23 1209
523 1210
500 1211
669 1212
1125 1213
669 1214
955 1215
972 1216
856 1217
721 1218
227 1219
649 1220
410 1221
1013 1222
1041 1223
55 1224
1215 1225
1211 1226
853 1227
623 1228
315 1229
144 1230
195 1231
1078 1232
1027 1233
111 1234
84 1235
564 1236
178 1237
575 1238
373 1239
119 1240
804 1241
904 1242
1239 1243
100 1244
703 1245
646 1246
1109 1247
409 1248
1044 1249
1071 1250
594 1251
734 1252
76 1253
888 1254
752 1255
257 1256
1128 1257
997 1258
619 1259
1073 1260
710 1261
498 1262
376 1263
280 1264
294 1265
570 1266
1177 1267
986 1268
339 1269
322 1270
1078 1271
410 1272
993 1273
176 1274
1084 1275
1210 1276
753 1277
1264 1278
23 1279
1130 1280
594 1281
849 1282
838 1283
767 1284
910 1285
348 1286
1029 1287
43 1288
705 1289
55 1290
290 1291
660 1292
263 1293
42 1294
328 1295
102 1296
39 1297
1242 1298
366 1299
1015 1300
992 1301
1033 1302
244 1303
211 1304
138 1305
845 1306
173 1307
638 1308
928 1309
687 1310
273 1311
213 1312
607 1313
1164 1314
1251 1315
1170 1316
462 1317
166 1318
396 1319
25 1320
856 1321
1100 1322
1177 1323
779 1324
1298 1325
436 1326
489 1327
406 1328
1045 1329
635 1330
749 1331
428 1332
1270 1333
1307 1334
646 1335
909 1336
1160 1337
329 1338
725 1339
367 1340
1091 1341
1090 1342
601 1343
659 1344
1074 1345
828 1346
819 1347
1132 1348
63 1349
1294 1350
1335 1351
201 1352
974 1353
292 1354
581 1355
1053 1356
375 1357
506 1358
896 1359
906 1360
865 1361
522 1362
618 1363
703 1364
194 1365
130 1366
1166 1367
996 1368
498 1369
1236 1370
1016 1371
1033 1372
1158 1373
500 1374
1241 1375
932 1376
838 1377
1325 1378
326 1379
12 1380
524 1381
661 1382
657 1383
241 1384
947 1385
177 1386
849 1387
869 1388
251 1389
341 1390
829 1391
1102 1392
542 1393
738 1394
1003 1395
263 1396
730 1397
912 1398
1378 1399
106 1400
915 1401
1008 1402
615 1403
639 1404
430 1405
922 1406
7 1407
232 1408
4 1409
1065 1410
859 1411
829 1412
180 1413
981 1414
519 1415
380 1416
67 1417
586 1418
148 1419
778 1420
701 1421
797 1422
1102 1423
1148 1424
910 1425
301 1426
192 1427
91 1428
244 1429
745 1430
1169 1431
290 1432
1359 1433
1405 1434
253 1435
1368 1436
677 1437
1411 1438
99 1439
1226 1440
570 1441
855 1442
1301 1443
1225 1444
852 1445
221 1446
4 1447
435 1448
415 1449
1093 1450
910 1451
550 1452
1180 1453
119 1454
678 1455
1145 1456
1161 1457
412 1458
43 1459
163 1460
709 1461
205 1462
1089 1463
485 1464
140 1465
1108 1466
530 1467
94 1468
267 1469
1434 1470
527 1471
664 1472
42 1473
964 1474
1201 1475
853 1476
606 1477
717 1478
928 1479
4 1480
1282 1481
78 1482
708 1483
1017 1484
747 1485
1075 1486
1201 1487
1449 1488
1393 1489
1070 1490
1411 1491
202 1492
1417 1493
1452 1494
925 1495
719 1496
434 1497
667 1498
569 1499
574 1500
601 1501
822 1502
20 1503
72 1504
1368 1505
1062 1506
573 1507
749 1508
198 1509
497 1510
98 1511
1385 1512
506 1513
532 1514
196 1515
1027 1516
430 1517
660 1518
874 1519
655 1520
968 1521
1408 1522
400 1523
1490 1524
808 1525
541 1526
569 1527
447 1528
1310 1529
138 1530
964 1531
1150 1532
1380 1533
495 1534
799 1535
55 1536
880 1537
210 1538
496 1539
162 1540
1419 1541
1159 1542
380 1543
1109 1544
948 1545
874 1546
1211 1547
951 1548
1389 1549
1223 1550
1206 1551
1035 1552
1454 1553
559 1554
105 1555
1153 1556
12 1557
14 1558
613 1559
1120 1560
576 1561
1136 1562
1038 1563
12 1564
568 1565
478 1566
216 1567
566 1568
139 1569
1133 1570
1541 1571
750 1572
1105 1573
1193 1574
463 1575
411 1576
1557 1577
288 1578
738 1579
217 1580
417 1581
1032 1582
800 1583
573 1584
423 1585
1027 1586
460 1587
856 1588
603 1589
1303 1590
1041 1591
1510 1592
201 1593
303 1594
739 1595
1096 1596
342 1597
379 1598
541 1599
1518 1600
527 1601
423 1602
111 1603
1301 1604
1594 1605
669 1606
884 1607
747 1608
83 1609
1337 1610
1311 1611
290 1612
1481 1613
673 1614
664 1615
342 1616
3 1617
916 1618
155 1619
15 1620
1259 1621
269 1622
729 1623
579 1624
1198 1625
730 1626
840 1627
813 1628
463 1629
1111 1630
197 1631
721 1632
1588 1633
985 1634
835 1635
481 1636
479 1637
901 1638
721 1639
1615 1640
1191 1641
314 1642
1608 1643
1494 1644
1192 1645
530 1646
717 1647
1361 1648
52 1649
1442 1650
664 1651
1251 1652
1557 1653
925 1654
1285 1655
1387 1656
1195 1657
109 1658
65 1659
1178 1660
831 1661
585 1662
93 1663
984 1664
114 1665
1022 1666
1357 1667
924 1668
1278 1669
689 1670
836 1671
763 1672
419 1673
747 1674
1535 1675
267 1676
537 1677
918 1678
1055 1679
1433 1680
1272 1681
827 1682
1427 1683
814 1684
832 1685
564 1686
1653 1687
1169 1688
1447 1689
664 1690
493 1691
218 1692
883 1693
1437 1694
1413 1695
151 1696
1092 1697
1524 1698
63 1699
1071 1700
539 1701
1199 1702
1357 1703
1231 1704
1062 1705
929 1706
1174 1707
220 1708
1609 1709
735 1710
110 1711
492 1712
241 1713
949 1714
1200 1715
210 1716
89 1717
810 1718
1538 1719
1312 1720
806 1721
243 1722
708 1723
1354 1724
4 1725
182 1726
1221 1727
1348 1728
1336 1729
1434 1730
743 1731
728 1732
640 1733
221 1734
499 1735
229 1736
297 1737
974 1738
216 1739
1233 1740
582 1741
1327 1742
93 1743
28 1744
1283 1745
1160 1746
1096 1747
809 1748
894 1749
1609 1750
1409 1751
1233 1752
7 1753
871 1754
653 1755
1096 1756
108 1757
321 1758
486 1759
293 1760
711 1761
766 1762
1078 1763
769 1764
1758 1765
1092 1766
387 1767
222 1768
1444 1769
1671 1770
953 1771
393 1772
1324 1773
390 1774
202 1775
947 1776
28 1777
213 1778
1510 1779
380 1780
1274 1781
1225 1782
1151 1783
653 1784
237 1785
1559 1786
440 1787
1648 1788
1397 1789
1498 1790
1004 1791
1471 1792
1347 1793
1285 1794
1510 1795
792 1796
1774 1797
1376 1798
1720 1799
1173 1800
628 1801
981 1802
1026 1803
268 1804
1426 1805
790 1806
538 1807
1635 1808
1794 1809
243 1810
251 1811
492 1812
638 1813
1296 1814
1269 1815
468 1816
879 1817
405 1818
164 1819
59 1820
571 1821
283 1822
105 1823
289 1824
1404 1825
1556 1826
1236 1827
570 1828
1677 1829
1551 1830
613 1831
539 1832
1779 1833
1461 1834
631 1835
257 1836
396 1837
768 1838
1713 1839
1707 1840
134 1841
824 1842
1040 1843
52 1844
1410 1845
1811 1846
1640 1847
18 1848
223 1849
265 1850
1446 1851
933 1852
999 1853
203 1854
327 1855
54 1856
694 1857
127 1858
1199 1859
745 1860
1502 1861
411 1862
745 1863
859 1864
697 1865
1292 1866
1704 1867
1162 1868
1634 1869
1582 1870
570 1871
1239 1872
760 1873
1468 1874
482 1875
1379 1876
548 1877
1450 1878
20 1879
897 1880
422 1881
1861 1882
621 1883
940 1884
814 1885
1689 1886
1051 1887
790 1888
316 1889
1034 1890
289 1891
345 1892
684 1893
1274 1894
402 1895
306 1896
336 1897
1272 1898
1779 1899
791 1900
134 1901
117 1902
1751 1903
1512 1904
64 1905
105 1906
1337 1907
1202 1908
305 1909
273 1910
1288 1911
547 1912
766 1913
1727 1914
1864 1915
1618 1916
414 1917
926 1918
681 1919
1813 1920
888 1921
1383 1922
957 1923
1680 1924
454 1925
374 1926
1342 1927
21 1928
424 1929
1697 1930
946 1931
983 1932
414 1933
204 1934
344 1935
1592 1936
838 1937
357 1938
907 1939
1226 1940
688 1941
1141 1942
1546 1943
857 1944
198 1945
745 1946
1586 1947
770 1948
1619 1949
1808 1950
1726 1951
1339 1952
142 1953
361 1954
71 1955
1641 1956
461 1957
1485 1958
1608 1959
206 1960
237 1961
127 1962
1593 1963
1781 1964
1818 1965
760 1966
239 1967
360 1968
1898 1969
1422 1970
758 1971
1599 1972
1520 1973
1143 1974
423 1975
614 1976
1782 1977
286 1978
225 1979
1439 1980
441 1981
1065 1982
205 1983
966 1984
895 1985
1061 1986
1728 1987
880 1988
852 1989
1729 1990
1317 1991
1069 1992
985 1993
1893 1994
1803 1995
1315 1996
535 1997
916 1998
772 1999
523 2000
1856 2001
341 2002
1097 2003
1690 2004
199 2005
181 2006
283 2007
1786 2008
315 2009
311 2010
826 2011
1653 2012
1924 2013
1489 2014
436 2015
946 2016
569 2017
402 2018
1854 2019
1365 2020
533 2021
444 2022
80 2023
444 2024
352 2025
134 2026
1294 2027
1748 2028
340 2029
1789 2030
904 2031
1518 2032
1247 2033
1297 2034
286 2035
774 2036
261 2037
1809 2038
1246 2039
1792 2040
795 2041
253 2042
1480 2043
1544 2044
84 2045
1403 2046
1728 2047
485 2048
1806 2049
275 2050
1538 2051
2022 2052
1289 2053
578 2054
686 2055
1981 2056
1147 2057
1829 2058
1286 2059
922 2060
1271 2061
101 2062
1837 2063
681 2064
990 2065
626 2066
2057 2067
784 2068
2019 2069
328 2070
246 2071
1118 2072
154 2073
1621 2074
1947 2075
1200 2076
965 2077
1723 2078
153 2079
1447 2080
725 2081
120 2082
430 2083
1265 2084
378 2085
351 2086
577 2087
1109 2088
969 2089
1526 2090
225 2091
1416 2092
1867 2093
134 2094
2039 2095
532 2096
674 2097
1329 2098
1409 2099
1166 2100
589 2101
869 2102
1629 2103
1580 2104
1668 2105
1370 2106
213 2107
1547 2108
1855 2109
50 2110
1148 2111
1928 2112
68 2113
271 2114
1550 2115
520 2116
965 2117
1270 2118
1285 2119
348 2120
942 2121
1317 2122
1447 2123
963 2124
1319 2125
2006 2126
255 2127
539 2128
1295 2129
265 2130
881 2131
1570 2132
278 2133
1904 2134
193 2135
70 2136
1421 2137
560 2138
844 2139
836 2140
1815 2141
1642 2142
137 2143
1002 2144
1477 2145
1563 2146
176 2147
427 2148
1583 2149
1612 2150
411 2151
805 2152
571 2153
2115 2154
535 2155
389 2156
312 2157
245 2158
461 2159
330 2160
514 2161
1562 2162
364 2163
808 2164
1068 2165
1637 2166
1103 2167
2063 2168
1438 2169
179 2170
1507 2171
877 2172
127 2173
1004 2174
1098 2175
245 2176
867 2177
1489 2178
1808 2179
613 2180
56 2181
1180 2182
1611 2183
1804 2184
214 2185
1874 2186
2046 2187
1348 2188
753 2189
2015 2190
826 2191
1990 2192
817 2193
2056 2194
1203 2195
1459 2196
2168 2197
205 2198
2168 2199
1406 2200
2004 2201
1296 2202
930 2203
15 2204
775 2205
1525 2206
1134 2207
876 2208
1794 2209
1951 2210
2147 2211
1945 2212
810 2213
1759 2214
1104 2215
1064 2216
611 2217
507 2218
5 2219
1132 2220
1701 2221
1537 2222
1652 2223
601 2224
2008 2225
560 2226
445 2227
1685 2228
964 2229
437 2230
436 2231
1270 2232
177 2233
1668 2234
2165 2235
1636 2236
2097 2237
310 2238
471 2239
595 2240
475 2241
993 2242
154 2243
1936 2244
1206 2245
960 2246
1127 2247
341 2248
1853 2249
760 2250
872 2251
599 2252
1256 2253
328 2254
1871 2255
1481 2256
1613 2257
73 2258
271 2259
983 2260
1856 2261
1207 2262
343 2263
434 2264
725 2265
1421 2266
2221 2267
1153 2268
1354 2269
1878 2270
1481 2271
821 2272
47 2273
470 2274
476 2275
104 2276
2240 2277
2204 2278
416 2279
588 2280
221 2281
1535 2282
998 2283
185 2284
606 2285
390 2286
662 2287
1318 2288
1475 2289
844 2290
111 2291
123 2292
1738 2293
1421 2294
959 2295
209 2296
937 2297
240 2298
529 2299
943 2300
404 2301
973 2302
600 2303
122 2304
1740 2305
2202 2306
2199 2307
1947 2308
1383 2309
429 2310
262 2311
1954 2312
529 2313
320 2314
430 2315
65 2316
152 2317
1081 2318
1246 2319
1193 2320
1057 2321
366 2322
708 2323
14 2324
1711 2325
1598 2326
1851 2327
2100 2328
734 2329
1820 2330
2298 2331
1447 2332
1844 2333
544 2334
516 2335
38 2336
1825 2337
2109 2338
1163 2339
1412 2340
2052 2341
1625 2342
571 2343
1301 2344
92 2345
1264 2346
1284 2347
2122 2348
164 2349
1601 2350
622 2351
491 2352
1333 2353
569 2354
1670 2355
1437 2356
1893 2357
1229 2358
1312 2359
2344 2360
647 2361
1317 2362
1980 2363
1943 2364
2122 2365
2251 2366
787 2367
1846 2368
348 2369
1668 2370
2278 2371
1312 2372
659 2373
1684 2374
1562 2375
878 2376
2308 2377
58 2378
1196 2379
660 2380
1143 2381
251 2382
72 2383
101 2384
292 2385
128 2386
2162 2387
923 2388
15 2389
485 2390
1205 2391
2015 2392
1223 2393
2192 2394
2221 2395
1776 2396
121 2397
2229 2398
1145 2399
1316 2400
554 2401
187 2402
1209 2403
764 2404
1151 2405
1370 2406
2 2407
2177 2408
443 2409
647 2410
1215 2411
2259 2412
173 2413
216 2414
1923 2415
2131 2416
2338 2417
43 2418
201 2419
1758 2420
1609 2421
955 2422
1384 2423
2073 2424
203 2425
1866 2426
1866 2427
1497 2428
19 2429
1452 2430
260 2431
887 2432
1828 2433
2172 2434
2377 2435
1748 2436
762 2437
269 2438
1613 2439
1125 2440
783 2441
2336 2442
1770 2443
1500 2444
939 2445
1325 2446
153 2447
519 2448
1345 2449
1558 2450
2309 2451
1973 2452
887 2453
55 2454
1275 2455
1181 2456
2178 2457
2108 2458
1699 2459
514 2460
812 2461
287 2462
1868 2463
496 2464
733 2465
1942 2466
2006 2467
2343 2468
1893 2469
2351 2470
2061 2471
1837 2472
1934 2473
1700 2474
1985 2475
575 2476
595 2477
2337 2478
2403 2479
63 2480
27 2481
1995 2482
553 2483
155 2484
1964 2485
560 2486
741 2487
1830 2488
1776 2489
1411 2490
2248 2491
328 2492
1307 2493
1847 2494
79 2495
62 2496
1366 2497
205 2498
763 2499
13 2500
1116 2501
78 2502
1266 2503
2361 2504
2201 2505
1942 2506
1800 2507
2049 2508
2292 2509
1185 2510
994 2511
2084 2512
1062 2513
960 2514
865 2515
1467 2516
591 2517
1612 2518
1384 2519
2379 2520
2035 2521
2000 2522
2444 2523
1243 2524
1215 2525
11 2526
1230 2527
1366 2528
1763 2529
833 2530
281 2531
2086 2532
1264 2533
2083 2534
906 2535
1425 2536
658 2537
953 2538
76 2539
2172 2540
587 2541
1207 2542
482 2543
1516 2544
1557 2545
1517 2546
1879 2547
2201 2548
2470 2549
1549 2550
417 2551
2481 2552
270 2553
220 2554
1014 2555
54 2556
940 2557
368 2558
1541 2559
98 2560
1555 2561
345 2562
1929 2563
669 2564
1262 2565
657 2566
872 2567
2463 2568
764 2569
897 2570
691 2571
871 2572
2169 2573
783 2574
55 2575
1198 2576
1547 2577
199 2578
256 2579
1467 2580
1086 2581
534 2582
1981 2583
551 2584
263 2585
1769 2586
460 2587
547 2588
2125 2589
1342 2590
1099 2591
1723 2592
995 2593
996 2594
195 2595
1318 2596
304 2597
1599 2598
1028 2599
1606 2600
744 2601
2108 2602
1108 2603
1422 2604
197 2605
1437 2606
1689 2607
2204 2608
2140 2609
1878 2610
2070 2611
148 2612
687 2613
115 2614
5 2615
1064 2616
1933 2617
182 2618
111 2619
267 2620
1557 2621
2422 2622
2111 2623
1234 2624
2103 2625
1555 2626
1673 2627
229 2628
1015 2629
2326 2630
1877 2631
1116 2632
1205 2633
1838 2634
382 2635
648 2636
1389 2637
274 2638
1015 2639
559 2640
2533 2641
1102 2642
770 2643
911 2644
882 2645
1338 2646
1417 2647
2365 2648
1469 2649
2088 2650
1866 2651
2390 2652
2152 2653
2163 2654
2069 2655
1358 2656
1377 2657
18 2658
1999 2659
830 2660
2646 2661
816 2662
55 2663
1521 2664
634 2665
473 2666
1834 2667
1642 2668
54 2669
2559 2670
1600 2671
1651 2672
701 2673
1610 2674
182 2675
24 2676
1064 2677
1655 2678
2254 2679
1671 2680
1775 2681
2597 2682
863 2683
2080 2684
407 2685
1437 2686
1774 2687
305 2688
2619 2689
2433 2690
2396 2691
1021 2692
2363 2693
218 2694
774 2695
792 2696
2624 2697
883 2698
1070 2699
1694 2700
1142 2701
1043 2702
77 2703
2114 2704
774 2705
475 2706
367 2707
2363 2708
2446 2709
287 2710
2244 2711
2278 2712
565 2713
599 2714
235 2715
2652 2716
159 2717
2042 2718
842 2719
672 2720
1835 2721
1826 2722
512 2723
2595 2724
2160 2725
1720 2726
2413 2727
1336 2728
198 2729
558 2730
1814 2731
2160 2732
146 2733
782 2734
80 2735
778 2736
638 2737
504 2738
1305 2739
723 2740
2453 2741
2209 2742
363 2743
2467 2744
1616 2745
2030 2746
1933 2747
1919 2748
849 2749
1551 2750
1340 2751
552 2752
1811 2753
2567 2754
1874 2755
1878 2756
1005 2757
1417 2758
1722 2759
1121 2760
1748 2761
1237 2762
1584 2763
2533 2764
1095 2765
1271 2766
853 2767
1767 2768
2180 2769
803 2770
409 2771
1762 2772
353 2773
74 2774
2068 2775
1775 2776
1543 2777
2417 2778
1944 2779
598 2780
1008 2781
1614 2782
1620 2783
2641 2784
2488 2785
2173 2786
2301 2787
2740 2788
634 2789
820 2790
1033 2791
2088 2792
929 2793
2288 2794
1885 2795
2168 2796
152 2797
956 2798
222 2799
1747 2800
871 2801
1069 2802
2071 2803
826 2804
1042 2805
1593 2806
154 2807
1470 2808
2089 2809
817 2810
1025 2811
1133 2812
956 2813
2538 2814
965 2815
592 2816
2226 2817
369 2818
891 2819
605 2820
1334 2821
1802 2822
663 2823
2166 2824
731 2825
2646 2826
2139 2827
1109 2828
2244 2829
2193 2830
1638 2831
39 2832
1243 2833
2478 2834
547 2835
2543 2836
1112 2837
2669 2838
967 2839
2370 2840
372 2841
1740 2842
1400 2843
2291 2844
963 2845
1652 2846
1895 2847
2259 2848
192 2849
1598 2850
660 2851
790 2852
558 2853
2102 2854
2319 2855
1936 2856
826 2857
1422 2858
2632 2859
993 2860
2013 2861
1944 2862
1430 2863
1151 2864
437 2865
1972 2866
2322 2867
769 2868
1446 2869
143 2870
2467 2871
979 2872
1120 2873
618 2874
36 2875
2059 2876
2747 2877
1203 2878
740 2879
2606 2880
1000 2881
59 2882
1527 2883
1843 2884
2389 2885
634 2886
855 2887
2809 2888
529 2889
1523 2890
2414 2891
168 2892
1277 2893
1818 2894
1752 2895
76 2896
2233 2897
2611 2898
2782 2899
2652 2900
2205 2901
2470 2902
899 2903
2300 2904
684 2905
245 2906
1445 2907
940 2908
307 2909
497 2910
858 2911
2436 2912
1821 2913
1038 2914
2629 2915
40 2916
914 2917
1012 2918
1478 2919
2064 2920
478 2921
1587 2922
1377 2923
2669 2924
719 2925
1901 2926
2914 2927
2887 2928
1007 2929
39 2930
1051 2931
545 2932
1673 2933
1848 2934
2771 2935
2202 2936
1313 2937
531 2938
235 2939
770 2940
2539 2941
2732 2942
502 2943
1951 2944
2520 2945
1326 2946
2635 2947
1821 2948
1170 2949
2044 2950
1811 2951
547 2952
2325 2953
982 2954
2722 2955
2267 2956
1100 2957
462 2958
2582 2959
743 2960
2572 2961
1433 2962
747 2963
2062 2964
1952 2965
58 2966
1248 2967
1480 2968
1859 2969
312 2970
2016 2971
720 2972
1682 2973
1738 2974
240 2975
939 2976
1071 2977
1598 2978
513 2979
2075 2980
2152 2981
2630 2982
317 2983
1124 2984
1571 2985
982 2986
185 2987
680 2988
860 2989
2361 2990
509 2991
1330 2992
1695 2993
2814 2994
1853 2995
541 2996
2366 2997
1444 2998
1980 2999
2274 3000
99 94 3 39 91 25 4 61 30 5 5 34 57 59 94 57 89 74 97 89 48 44 84 87 42 99 55 58 64 69 25 86 83 9 88 49 26 34 28 23 97 13 25 16 90 71 30 100 27 98 63 74 32 78 91 3 99 59 34 16 95 70 43 3 30 53 64 88 16 84 81 29 86 54 65 54 25 72 21 96 4 26 22 94 81 28 25 89 91 35 63 27 32 69 52 17 10 57 4 75 86 57 91 80 84 93 36 14 83 30 5 79 49 40 98 30 30 1 94 14 60 36 44 14 71 19 37 19 31 45 62 50 18 88 80 4 100 41 7 43 11 80 95 14 65 17 96 18 33 90 13 70 50 2 61 8 84 83 55 59 62 70 16 90 20 73 26 27 10 28 8 53 48 92 41 39 5 39 73 97 20 37 90 25 67 11 25 48 31 18 96 92 66 23 60 91 24 69 90 65 84 57 49 21 25 36 31 30 89 60 38 91 5 69 49 23 30 34 76 77 47 99 7 33 78 48 100 65 28 26 57 50 20 79 52 44 2 88 64 86 96 72 23 94 85 99 28 4 62 42 13 1 72 99 61 93 75 50 100 73 45 60 67 39 64 79 80 58 45 21 9 87 29 33 25 30 88 15 96 48 76 95 51 24 18 39 13 77 17 58 72 58 46 74 73 4 28 10 89 75 33 59 63 2 91 24 14 86 41 22 41 37 70 99 64 26 77 80 92 78 88 80 60 66 15 50 2 42 88 77 72 87 64 40 98 3 94 95 34 100 81 95 59 30 37 57 50 56 54 47 12 82 43 9 22 16 5 13 10 71 45 27 73 11 80 37 94 74 22 39 14 32 27 55 87 40 2 37 82 92 95 44 36 11 2 82 75 82 39 46 33 46 27 53 47 63 48 20 93 24 41 12 95 49 36 85 48 3 86 73 28 31 47 35 41 40 59 6 15 79 64 80 70 76 41 55 24 23 16 35 63 71 98 73 53 94 25 31 31 10 20 72 15 44 100 97 18 36 26 39 27 22 92 74 1 33 60 85 6 53 60 91 52 9 87 94 97 49 73 86 55 54 32 42 6 27 4 58 79 20 98 100 3 45 30 86 32 20 7 71 97 5 13 46 86 36 24 97 35 100 93 57 46 87 16 17 31 68 44 96 52 67 76 30 23 5 6 65 51 81 94 80 89 64 47 41 89 69 23 26 44 5 29 71 81 45 72 62 80 39 74 30 39 90 34 23 56 98 85 1 58 52 1 51 42 44 20 72 94 26 65 40 66 53 43 63 86 100 94 25 61 66 47 39 7 66 9 87 72 74 22 15 92 74 54 4 85 91 47 71 36 73 28 93 39 39 57 63 22 11 13 39 94 98 17 17 35 26 79 68 41 6 29 40 26 11 20 21 94 66 58 66 92 65 55 51 26 97 75 7 45 52 78 46 100 72 63 76 58 100 85 14 27 85 47 26 2 76 46 43 19 56 9 30 22 63 74 45 70 27 56 59 23 18 91 51 55 88 25 19 93 76 78 90 74 95 12 36 91 10 77 13 100 92 14 42 57 33 81 68 45 77 19 47 68 94 87 62 93 64 29 14 91 51 49 27 31 54 58 48 87 29 36 42 72 95 76 93 72 11 94 94 45 79 26 28 12 71 61 4 13 36 51 56 88 58 61 56 90 91 37 95 12 91 89 40 66 46 24 89 76 1 14 51 54 54 92 71 30 67 56 13 83 30 84 6 47 98 25 1 36 62 56 97 56 11 20 45 14 64 19 48 22 13 43 40 81 91 36 4 85 18 77 91 88 13 93 35 69 88 77 16 93 30 36 50 87 54 43 52 74 49 5 68 76 72 11 20 74 74 12 89 9 69 30 47 67 97 12 93 7 72 48 24 37 75 47 77 5 41 38 3 93 75 88 62 18 28 50 81 80 34 54 13 37 88 32 83 9 71 29 85 8 79 14 3 51 80 13 32 34 50 7 39 45 84 43 17 10 39 58 33 34 11 71 87 28 72 34 73 36 44 86 51 36 88 3 40 64 78 71 41 95 90 81 62 23 76 14 28 85 68 79 52 60 44 70 63 76 85 65 74 84 92 9 82 1 63 71 77 95 19 56 30 69 73 8 28 30 10 87 57 100 79 15 44 11 11 70 53 92 95 91 69 19 90 77 57 8 96 28 49 26 17 31 43 68 49 1 33 20 45 58 2 3 85 70 50 75 15 93 93 54 11 88 72 95 7 17 53 95 39 53 68 99 57 100 86 45 45 96 60 100 34 43 70 41 8 65 43 25 23 94 35 40 56 83 63 57 100 48 91 17 23 100 8 84 41 40 97 6 4 71 94 61 39 87 84 7 48 89 6 49 20 23 99 13 50 30 7 19 92 100 92 40 3 30 18 32 82 52 5 95 62 52 20 5 62 58 12 34 52 39 87 24 9 11 90 58 23 19 88 51 23 89 8 6 21 86 33 37 30 72 78 66 5 84 24 69 2 68 16 35 33 78 49 27 29 72 71 80 42 53 73 31 90 34 80 89 62 22 63 42 84 98 12 93 91 31 36 65 64 75 1 5 41 23 100 79 55 76 72 73 98 92 66 93 73 13 83 24 75 9 73 35 95 33 9 94 98 15 45 6 28 24 75 83 51 97 59 65 16 46 64 35 37 16 49 97 18 49 92 98 6 8 20 1 10 95 56 44 50 64 84 9 60 22 29 90 10 19 47 5 87 71 79 73 98 18 18 20 10 60 14 71 82 28 92 3 41 65 68 64 55 75 48 33 19 13 66 83 79 2 95 81 98 77 28 94 10 8 44 59 90 94 25 59 14 20 36 45 29 74 37 3 11 22 31 21 61 6 50 8 83 9 10 94 39 57 25 63 28 3 79 71 26 26 25 3 49 71 38 9 82 93 31 23 32 54 49 31 62 27 36 21 1 51 35 62 47 26 37 42 36 82 64 5 27 62 21 92 69 66 91 65 15 49 20 32 27 87 27 69 25 59 23 75 54 66 72 69 29 62 37 89 100 89 89 41 26 11 89 7 69 86 67 31 13 17 31 87 72 89 49 12 27 1 68 10 6 98 86 84 52 75 7 45 84 37 77 25 1 75 93 69 20 60 29 3 48 24 64 84 7 90 98 40 87 86 22 85 40 72 68 59 29 29 45 34 24 92 45 49 25 85 7 4 44 94 16 96 98 24 72 36 23 43 52 21 84 88 41 46 20 24 73 44 39 92 36 34 13 6 75 18 95 14 7 3 94 95 31 48 63 32 49 59 81 33 99 99 5 84 76 46 88 74 61 99 47 58 54 58 37 91 96 7 71 82 72 72 86 11 9 83 34 50 92 62 80 10 24 45 31 76 42 58 97 45 89 23 54 1 20 47 43 7 80 2 36 40 91 25 24 100 43 21 39 82 2 88 27 51 95 80 25 60 27 89 16 51 90 55 28 10 46 59 74 27 4 11 80 3 72 13 57 9 52 71 48 1 94 52 18 11 35 54 25 77 40 46 65 32 70 4 38 82 79 28 68 98 33 48 74 16 42 17 80 22 17 91 45 70 37 98 3 46 23 54 27 47 71 44 67 38 30 13 56 46 99 1 59 95 8 90 99 81 88 10 6 54 24 9 3 9 95 44 33 16 75 22 22 70 70 23 13 76 31 35 50 25 84 71 88 10 67 64 53 47 51 90 72 55 43 8 82 69 99 85 10 11 94 42 56 35 47 25 55 100 56 47 17 27 86 59 7 79 2 57 5 93 1 74 81 11 88 64 10 34 96 57 48 43 27 3 6 17 13 14 1 72 63 74 66 53 1 20 49 17 34 97 65 68 79 64 2 17 11 15 9 16 32 100 82 32 34 19 83 93 3 17 71 63 96 42 49 21 99 46 25 55 25 32 6 84 40 84 96 38 31 75 89 32 55 86 59 35 50 99 4 63 1 52 72 32 46 51 96 35 20 20 70 39 37 64 98 13 60 50 64 71 90 10 49 42 58 1 66 19 85 4 68 37 96 55 45 98 68 11 84 88 66 69 70 85 43 17 65 23 4 16 90 48 76 77 49 93 76 98 56 32 1 55 57 98 93 20 21 92 98 72 79 76 53 5 43 35 49 23 66 33 80 40 84 16 88 84 39 39 20 62 24 51 100 61 89 37 78 60 94 10 9 61 59 20 14 25 49 41 49 9 6 66 51 74 67 37 68 5 66 33 24 19 1 55 92 89 73 75 15 65 6 26 34 42 13 66 70 81 39 34 27 48 60 16 71 87 49 65 57 50 56 47 7 85 64 70 64 24 90 55 72 9 24 70 75 46 30 44 62 79 27 16 96 24 88 59 57 58 86 19 53 81 29 43 87 60 77 94 64 17 26 42 9 18 30 29 94 89 100 63 70 42 95 28 6 72 37 43 15 67 58 25 80 47 69 90 56 55 92 70 88 76 50 12 100 71 32 56 73 48 94 65 89 97 20 50 36 33 45 83 5 95 20 94 37 44 18 52 48 38 67 6 12 58 65 39 59 51 91 44 4 47 52 77 64 97 54 15 47 4 53 53 86 48 70 1 91 40 53 66 54 33 57 71 36 49 14 58 88 6 12 50 29 51 59 24 1 39 30 61 38 62 65 25 43 93 34 78 45 91 69 12 66 84 51 17 85 83 33 50 16 71 89 100 59 60 100 43 63 15 15 64 18 91 92 44 35 78 91 71 20 87 56 24 49 46 66 5 39 57 81 14 66 30 86 60 16 93 93 70 86 51 28 87 4 70 51 96 80 39 20 8 65 17 1 8 32 87 65 88 83 35 68 2 15 81 96 97 100 20 54 23 79 3 21 41 6 79 19 94 46 47 7 68 22 7 84 18 78 93 97 59 3 83 9 1 56 99 13 74 18 2 49 18 15 27 20 29 15 36 88 24 9 83 51 26 64 68 98 59 5 40 75 63 55 1 35 10 92 95 18 65 77 93 79 86 39 42 90 18 7 48 11 40 94 24 95 82 65 49 63 5 85 20 86 50 33 51 87 16 81 72 61 37 29 57 28 16 10 70 93 39 90 2 69 55 35 66 86 45 25 59 29 65 9 5 66 77 39 98 48 35 54 27 25 17 68 67 61 63 43 95 61 71 7 95 50 57 88 6 37 12 19 18 38 66 57 98 34 42 49 79 69 24 80 15 44 27 87 97 69 87 87 52 66 56 53 44 25 19 93 58 60 75 84 3 81 89 44 59 84 17 95 68 23 26 31 28 30 82 81 6 68 9 85 57 4 19 3 32 34 15 41 63 68 85 32 90 46 5 98 38 83 67 22 4 53 69 21 33 33 88 59 38 17 3 8 89 57 71 54 87 54 73 16 45 100 61 69 28 92 93 41 53 63 62 85 46 55 96 90 47 35 60 33 37 42 94 78 19 81 61 11 26 92 76 84 33 34 7 100 42 31 47 5 25 20 75 85 72 52 65 27 96 67 56 64 52 44 33 93 29 6 41 75 21 41 100 10 92 6 33 30 53 82 73 97 40 74 86 76 71 44 28 78 49 55 90 28 66 56 90 72 33 97 55 58 11 85 22 24 39 31 3 11 68 28 49 43 55 94 44 22 89 85 34 4 44 41 50 48 99 2 76 20 97 72 85 99 42 42 83 26 73 25 82 18 19 22 37 54 21 75 55 58 91 57 43 3 13 7 28 75 24 33 95 76 11 10 95 37 97 67 18 92 26 33 28 36 68 18 22 32 85 11 34 66 19 71 42 55 84 59 49 42 8 3 19 7 29 60 18 100 69 6 30 6 89 54 94 11 23 12 4 33 20 22 56 11 33 66 88 77 41 60 93 52 80 52 15 3 86 89 87 98 15 23 74 84 30 3 40 23 75 81 8 96 91 86 80 64 15 24 70 34 1 66 57 95 96 60 38 4 53 25 30 33 89 1 26 35 88 75 70 18 79 38 17 52 25 99 47 47 96 67 52 12 62 49 9 35 15 42 23 60 52 6 60 49 79 77 99 11 71 53 36 91 2 99 62 61 80 64 57 46 37 29 81 35 41 68 87 24 2 39 54 49 35 10 74 4 81 22 83 42 47 76 38 6 7 46 4 70 69 72 88 75 38 98 2 88 97 43 47 97 82 72 7 87 2 33 40 5 4 27 2 41 16 18 68 33 17 17 69 62 11 92 79 69 28 53 51 86 75 96 57 38 10 11 5 34 17 34 20 22 79 61 68 42 92 97 61 54 91 22 42 46 25 21 17 77 10 43 54 82 43 11 71 14 58 1 100 84 7 74 98 56 17 83 86 46 58 98 31 27 26 2 15 12 48 75 83 20 62 88 84 94 64 68 22 54 17 66 5 38 65 54 46 79 48 32 9 69 30 36 48 17 1 36 70 23 20 16 67 13 46 80 52 66 87 80 12 19 82 1 77 52 47 7 75 32 78 98 47 90 27 20 3 44 88 24 76 84 20 46 59 6 27 100 73 31 5 22 35 18 59 28 82 67 38 54 98 6 11 31 39 77 57 24 84 69 98 49 18 66 34 59 59 66 8 4 92 37 24 91 26 61 77 31 80 64 25 47 61 94 57 87 81 74 71 57 2 56 24 19 97 27 2 42 96 65 91 7 34 19 96 78 68 57 6 93 24 86 2 24 7 89 36 25 6 41 88 95 88 64 40 72 21 23 47 5 97 84 37 93 81 100 65 17 78 68 18 89 9 8 12 64 29 30 59 73 32 96 6 46 79 64 69 31 39 16 69 19 37 99 68 50 33 43 42 74 71 89 50 28 66 96 49 38
