3000
1 2
1 3
2 4
1 5
5 6
5 7
3 8
6 9
7 10
8 11
4 12
10 13
4 14
12 15
15 16
2 17
2 18
6 19
3 20
12 21
12 22
18 23
11 24
7 25
10 26
6 27
4 28
24 29
11 30
16 31
4 32
31 33
13 34
32 35
18 36
32 37
20 38
18 39
28 40
31 41
23 42
13 43
8 44
25 45
11 46
14 47
29 48
17 49
39 50
16 51
26 52
37 53
2 54
11 55
26 56
28 57
17 58
47 59
1 60
26 61
8 62
16 63
4 64
48 65
36 66
18 67
56 68
24 69
47 70
50 71
17 72
50 73
2 74
3 75
14 76
30 77
63 78
48 79
13 80
54 81
2 82
30 83
81 84
29 85
71 86
56 87
20 88
5 89
23 90
84 91
61 92
15 93
41 94
27 95
1 96
52 97
93 98
79 99
11 100
66 101
42 102
65 103
84 104
50 105
5 106
80 107
105 108
81 109
6 110
56 111
57 112
20 113
35 114
22 115
61 116
87 117
68 118
52 119
9 120
94 121
95 122
113 123
45 124
123 125
118 126
71 127
86 128
33 129
90 130
37 131
87 132
130 133
20 134
73 135
35 136
90 137
81 138
115 139
70 140
72 141
38 142
67 143
108 144
61 145
99 146
31 147
96 148
96 149
58 150
9 151
99 152
145 153
140 154
99 155
92 156
11 157
144 158
107 159
119 160
10 161
149 162
10 163
138 164
126 165
157 166
72 167
49 168
84 169
71 170
86 171
54 172
21 173
61 174
150 175
9 176
46 177
161 178
176 179
74 180
51 181
85 182
86 183
11 184
79 185
156 186
137 187
86 188
70 189
175 190
127 191
41 192
116 193
158 194
46 195
140 196
64 197
100 198
32 199
46 200
8 201
98 202
40 203
50 204
19 205
78 206
45 207
97 208
44 209
143 210
48 211
94 212
199 213
125 214
21 215
82 216
21 217
62 218
8 219
33 220
202 221
126 222
192 223
205 224
52 225
59 226
54 227
87 228
7 229
159 230
219 231
34 232
8 233
206 234
69 235
161 236
58 237
113 238
104 239
8 240
132 241
87 242
217 243
22 244
193 245
69 246
91 247
120 248
186 249
92 250
95 251
183 252
211 253
47 254
246 255
81 256
71 257
61 258
29 259
173 260
240 261
118 262
95 263
94 264
65 265
74 266
184 267
53 268
43 269
249 270
149 271
67 272
206 273
90 274
77 275
155 276
118 277
176 278
207 279
187 280
250 281
147 282
221 283
6 284
268 285
200 286
43 287
192 288
40 289
80 290
186 291
172 292
182 293
41 294
196 295
2 296
295 297
102 298
17 299
144 300
190 301
236 302
118 303
139 304
62 305
129 306
193 307
108 308
79 309
241 310
124 311
149 312
8 313
286 314
260 315
244 316
295 317
308 318
11 319
87 320
130 321
5 322
8 323
16 324
291 325
196 326
123 327
298 328
256 329
257 330
206 331
12 332
315 333
226 334
130 335
235 336
10 337
269 338
128 339
90 340
203 341
189 342
196 343
55 344
232 345
227 346
293 347
69 348
120 349
135 350
153 351
237 352
155 353
343 354
276 355
203 356
190 357
303 358
44 359
201 360
83 361
188 362
237 363
77 364
76 365
276 366
261 367
229 368
127 369
364 370
113 371
251 372
314 373
299 374
284 375
198 376
248 377
348 378
100 379
290 380
319 381
308 382
360 383
26 384
210 385
154 386
192 387
189 388
201 389
171 390
338 391
20 392
40 393
288 394
290 395
167 396
196 397
288 398
20 399
343 400
13 401
398 402
123 403
368 404
237 405
25 406
199 407
132 408
274 409
157 410
212 411
212 412
127 413
108 414
275 415
379 416
307 417
12 418
397 419
236 420
155 421
10 422
391 423
101 424
196 425
262 426
83 427
129 428
209 429
194 430
136 431
232 432
144 433
240 434
403 435
282 436
405 437
91 438
379 439
165 440
407 441
163 442
240 443
244 444
409 445
97 446
358 447
149 448
132 449
422 450
41 451
204 452
383 453
29 454
1 455
223 456
343 457
331 458
19 459
95 460
174 461
421 462
53 463
402 464
226 465
21 466
417 467
13 468
178 469
357 470
291 471
65 472
8 473
112 474
174 475
82 476
20 477
71 478
213 479
268 480
298 481
319 482
335 483
176 484
14 485
260 486
295 487
159 488
393 489
8 490
313 491
231 492
454 493
354 494
57 495
20 496
154 497
157 498
460 499
399 500
197 501
186 502
481 503
320 504
417 505
361 506
462 507
101 508
289 509
412 510
51 511
436 512
401 513
236 514
188 515
192 516
218 517
196 518
468 519
314 520
445 521
487 522
423 523
65 524
7 525
524 526
433 527
214 528
392 529
6 530
331 531
232 532
233 533
94 534
376 535
280 536
292 537
11 538
76 539
227 540
483 541
385 542
22 543
238 544
132 545
425 546
514 547
200 548
430 549
140 550
132 551
213 552
88 553
542 554
386 555
47 556
425 557
471 558
33 559
367 560
65 561
175 562
493 563
92 564
329 565
477 566
564 567
436 568
26 569
241 570
216 571
546 572
230 573
49 574
72 575
115 576
474 577
191 578
478 579
542 580
279 581
249 582
123 583
288 584
451 585
306 586
86 587
156 588
66 589
206 590
91 591
24 592
420 593
215 594
378 595
250 596
174 597
58 598
199 599
556 600
311 601
113 602
90 603
229 604
365 605
286 606
606 607
565 608
93 609
67 610
215 611
35 612
117 613
525 614
455 615
67 616
59 617
135 618
571 619
303 620
471 621
556 622
312 623
210 624
184 625
237 626
340 627
425 628
267 629
538 630
594 631
591 632
143 633
271 634
404 635
430 636
599 637
116 638
547 639
530 640
319 641
290 642
129 643
252 644
104 645
377 646
344 647
457 648
249 649
386 650
214 651
422 652
541 653
395 654
284 655
191 656
332 657
415 658
637 659
16 660
431 661
429 662
309 663
91 664
662 665
359 666
62 667
440 668
620 669
247 670
365 671
534 672
199 673
305 674
84 675
429 676
475 677
385 678
130 679
13 680
151 681
202 682
667 683
319 684
294 685
207 686
519 687
581 688
636 689
165 690
217 691
459 692
455 693
289 694
677 695
64 696
621 697
168 698
568 699
164 700
364 701
91 702
124 703
635 704
187 705
171 706
599 707
528 708
507 709
389 710
559 711
515 712
446 713
297 714
528 715
217 716
691 717
716 718
185 719
713 720
391 721
553 722
248 723
366 724
635 725
660 726
594 727
168 728
87 729
623 730
27 731
151 732
378 733
650 734
664 735
303 736
425 737
654 738
631 739
196 740
634 741
127 742
347 743
368 744
410 745
301 746
309 747
555 748
472 749
355 750
637 751
723 752
297 753
743 754
167 755
540 756
707 757
695 758
745 759
732 760
563 761
231 762
193 763
624 764
740 765
216 766
102 767
555 768
68 769
714 770
383 771
123 772
763 773
56 774
706 775
682 776
740 777
561 778
480 779
6 780
392 781
541 782
118 783
219 784
636 785
226 786
624 787
15 788
422 789
579 790
369 791
120 792
147 793
185 794
539 795
606 796
792 797
441 798
761 799
600 800
770 801
653 802
753 803
592 804
319 805
178 806
43 807
150 808
532 809
324 810
58 811
301 812
47 813
363 814
736 815
402 816
272 817
777 818
763 819
773 820
803 821
589 822
226 823
553 824
538 825
613 826
246 827
656 828
378 829
475 830
415 831
418 832
400 833
342 834
744 835
223 836
291 837
514 838
276 839
751 840
702 841
838 842
717 843
601 844
86 845
223 846
422 847
644 848
339 849
15 850
459 851
499 852
226 853
324 854
36 855
95 856
796 857
162 858
399 859
765 860
326 861
422 862
697 863
291 864
441 865
167 866
114 867
268 868
158 869
671 870
421 871
366 872
258 873
67 874
418 875
153 876
592 877
34 878
241 879
562 880
254 881
184 882
416 883
295 884
664 885
431 886
392 887
802 888
361 889
831 890
311 891
786 892
189 893
404 894
864 895
698 896
231 897
845 898
59 899
287 900
544 901
720 902
575 903
461 904
242 905
446 906
806 907
536 908
64 909
268 910
412 911
881 912
358 913
38 914
829 915
172 916
240 917
696 918
70 919
411 920
382 921
650 922
19 923
223 924
262 925
518 926
346 927
7 928
815 929
420 930
20 931
338 932
2 933
504 934
426 935
122 936
724 937
709 938
830 939
650 940
278 941
543 942
917 943
347 944
422 945
222 946
429 947
471 948
351 949
672 950
451 951
432 952
834 953
795 954
273 955
47 956
335 957
325 958
116 959
609 960
774 961
624 962
930 963
760 964
873 965
527 966
444 967
426 968
162 969
174 970
143 971
834 972
677 973
619 974
415 975
105 976
618 977
160 978
154 979
24 980
554 981
353 982
837 983
542 984
25 985
161 986
839 987
714 988
440 989
401 990
534 991
605 992
606 993
418 994
406 995
318 996
151 997
515 998
450 999
238 1000
343 1001
204 1002
495 1003
471 1004
877 1005
991 1006
33 1007
885 1008
386 1009
255 1010
224 1011
143 1012
551 1013
804 1014
476 1015
332 1016
555 1017
198 1018
971 1019
363 1020
272 1021
621 1022
492 1023
661 1024
566 1025
297 1026
557 1027
308 1028
528 1029
110 1030
1016 1031
260 1032
657 1033
490 1034
822 1035
282 1036
833 1037
506 1038
959 1039
772 1040
941 1041
812 1042
150 1043
947 1044
972 1045
954 1046
116 1047
180 1048
520 1049
916 1050
615 1051
316 1052
97 1053
671 1054
820 1055
498 1056
348 1057
321 1058
648 1059
731 1060
926 1061
87 1062
887 1063
829 1064
468 1065
334 1066
990 1067
230 1068
330 1069
120 1070
839 1071
284 1072
796 1073
689 1074
980 1075
294 1076
556 1077
744 1078
1072 1079
472 1080
716 1081
229 1082
445 1083
93 1084
558 1085
177 1086
598 1087
77 1088
27 1089
709 1090
242 1091
426 1092
471 1093
14 1094
762 1095
349 1096
431 1097
746 1098
42 1099
604 1100
308 1101
216 1102
719 1103
447 1104
515 1105
386 1106
660 1107
797 1108
923 1109
1104 1110
1010 1111
909 1112
383 1113
638 1114
223 1115
2 1116
917 1117
909 1118
721 1119
677 1120
1100 1121
724 1122
38 1123
663 1124
288 1125
1008 1126
1007 1127
937 1128
570 1129
422 1130
961 1131
379 1132
988 1133
988 1134
858 1135
860 1136
825 1137
860 1138
174 1139
221 1140
129 1141
88 1142
736 1143
874 1144
312 1145
1028 1146
435 1147
654 1148
283 1149
227 1150
187 1151
150 1152
1140 1153
1062 1154
732 1155
609 1156
838 1157
823 1158
32 1159
927 1160
61 1161
251 1162
251 1163
164 1164
1057 1165
220 1166
661 1167
684 1168
413 1169
891 1170
125 1171
866 1172
761 1173
769 1174
1075 1175
482 1176
505 1177
291 1178
910 1179
604 1180
265 1181
437 1182
392 1183
1002 1184
749 1185
938 1186
335 1187
51 1188
844 1189
424 1190
254 1191
1093 1192
657 1193
916 1194
1128 1195
81 1196
505 1197
871 1198
578 1199
319 1200
358 1201
1151 1202
418 1203
236 1204
803 1205
660 1206
924 1207
378 1208
385 1209
700 1210
133 1211
170 1212
794 1213
1043 1214
126 1215
531 1216
848 1217
1021 1218
929 1219
1125 1220
965 1221
117 1222
1178 1223
514 1224
730 1225
988 1226
877 1227
1016 1228
283 1229
429 1230
217 1231
1029 1232
522 1233
268 1234
213 1235
315 1236
253 1237
946 1238
438 1239
1013 1240
465 1241
293 1242
842 1243
1133 1244
182 1245
635 1246
1128 1247
937 1248
857 1249
443 1250
919 1251
324 1252
445 1253
594 1254
997 1255
1013 1256
526 1257
1085 1258
934 1259
1221 1260
762 1261
174 1262
817 1263
967 1264
903 1265
777 1266
242 1267
313 1268
649 1269
815 1270
825 1271
561 1272
693 1273
471 1274
172 1275
692 1276
664 1277
413 1278
312 1279
262 1280
556 1281
1092 1282
447 1283
429 1284
522 1285
522 1286
1117 1287
886 1288
339 1289
107 1290
63 1291
794 1292
638 1293
868 1294
422 1295
369 1296
199 1297
175 1298
812 1299
573 1300
371 1301
474 1302
811 1303
1131 1304
691 1305
654 1306
942 1307
560 1308
1138 1309
127 1310
1198 1311
51 1312
1087 1313
851 1314
828 1315
1150 1316
950 1317
262 1318
571 1319
610 1320
461 1321
439 1322
786 1323
122 1324
1180 1325
545 1326
338 1327
420 1328
537 1329
536 1330
145 1331
698 1332
920 1333
1176 1334
352 1335
226 1336
637 1337
1326 1338
21 1339
1151 1340
1273 1341
1239 1342
927 1343
893 1344
1175 1345
1224 1346
1174 1347
891 1348
94 1349
752 1350
872 1351
36 1352
422 1353
190 1354
429 1355
355 1356
1193 1357
513 1358
759 1359
378 1360
1322 1361
1223 1362
1348 1363
559 1364
1112 1365
694 1366
42 1367
968 1368
143 1369
577 1370
453 1371
386 1372
439 1373
1122 1374
1329 1375
174 1376
1195 1377
934 1378
13 1379
930 1380
1338 1381
213 1382
749 1383
1130 1384
152 1385
823 1386
559 1387
142 1388
292 1389
712 1390
839 1391
1258 1392
669 1393
1170 1394
1101 1395
1178 1396
461 1397
402 1398
812 1399
665 1400
1085 1401
1138 1402
955 1403
1279 1404
556 1405
752 1406
927 1407
268 1408
905 1409
595 1410
757 1411
700 1412
216 1413
790 1414
53 1415
897 1416
807 1417
56 1418
226 1419
846 1420
301 1421
972 1422
1038 1423
448 1424
534 1425
89 1426
902 1427
103 1428
1043 1429
880 1430
637 1431
1044 1432
602 1433
1236 1434
1264 1435
819 1436
798 1437
858 1438
1222 1439
1385 1440
1314 1441
687 1442
364 1443
22 1444
13 1445
67 1446
478 1447
830 1448
1191 1449
1366 1450
291 1451
1406 1452
1137 1453
1040 1454
128 1455
111 1456
1287 1457
946 1458
377 1459
1258 1460
1023 1461
641 1462
495 1463
1088 1464
125 1465
229 1466
1104 1467
1120 1468
70 1469
149 1470
374 1471
26 1472
88 1473
478 1474
549 1475
1450 1476
667 1477
596 1478
1114 1479
514 1480
404 1481
85 1482
1008 1483
1310 1484
591 1485
725 1486
1203 1487
1070 1488
849 1489
61 1490
399 1491
254 1492
299 1493
1219 1494
1353 1495
1056 1496
947 1497
525 1498
1401 1499
903 1500
481 1501
954 1502
254 1503
1457 1504
1328 1505
714 1506
157 1507
249 1508
1225 1509
339 1510
823 1511
1192 1512
156 1513
618 1514
1490 1515
897 1516
572 1517
304 1518
150 1519
1453 1520
1128 1521
1351 1522
494 1523
1068 1524
1170 1525
305 1526
1491 1527
1218 1528
1481 1529
308 1530
605 1531
202 1532
806 1533
1455 1534
547 1535
888 1536
142 1537
1240 1538
315 1539
1251 1540
1267 1541
497 1542
1464 1543
1100 1544
698 1545
1154 1546
473 1547
1086 1548
141 1549
888 1550
357 1551
992 1552
472 1553
813 1554
249 1555
644 1556
876 1557
213 1558
605 1559
960 1560
1365 1561
546 1562
758 1563
1223 1564
1267 1565
870 1566
871 1567
126 1568
319 1569
172 1570
421 1571
1049 1572
703 1573
823 1574
1258 1575
1332 1576
198 1577
808 1578
548 1579
101 1580
311 1581
1023 1582
1051 1583
1298 1584
1017 1585
1086 1586
1249 1587
672 1588
1496 1589
242 1590
933 1591
1342 1592
45 1593
400 1594
1459 1595
912 1596
367 1597
1145 1598
1345 1599
1204 1600
6 1601
141 1602
725 1603
762 1604
768 1605
779 1606
26 1607
783 1608
376 1609
1201 1610
380 1611
451 1612
139 1613
696 1614
140 1615
1576 1616
182 1617
854 1618
59 1619
58 1620
1558 1621
487 1622
394 1623
820 1624
624 1625
1013 1626
1002 1627
634 1628
681 1629
847 1630
1392 1631
643 1632
924 1633
1214 1634
1576 1635
782 1636
1506 1637
1402 1638
116 1639
1153 1640
1581 1641
1396 1642
423 1643
178 1644
234 1645
1122 1646
778 1647
289 1648
379 1649
1259 1650
164 1651
645 1652
382 1653
701 1654
14 1655
1179 1656
868 1657
1491 1658
1514 1659
961 1660
1443 1661
686 1662
620 1663
1072 1664
180 1665
1649 1666
1275 1667
447 1668
324 1669
279 1670
1436 1671
688 1672
159 1673
1104 1674
1081 1675
1210 1676
1465 1677
449 1678
1486 1679
1035 1680
921 1681
241 1682
451 1683
1434 1684
621 1685
1071 1686
750 1687
1550 1688
717 1689
772 1690
994 1691
627 1692
350 1693
384 1694
577 1695
1194 1696
807 1697
1009 1698
1395 1699
1085 1700
577 1701
263 1702
1593 1703
1074 1704
1503 1705
1249 1706
440 1707
191 1708
1643 1709
1191 1710
37 1711
1480 1712
591 1713
1452 1714
1174 1715
81 1716
845 1717
1196 1718
1488 1719
1300 1720
536 1721
641 1722
584 1723
1192 1724
66 1725
740 1726
1531 1727
1333 1728
1587 1729
486 1730
1644 1731
1264 1732
283 1733
1436 1734
1076 1735
901 1736
78 1737
1252 1738
340 1739
468 1740
214 1741
176 1742
1473 1743
293 1744
1667 1745
154 1746
776 1747
780 1748
231 1749
221 1750
1026 1751
1149 1752
267 1753
1187 1754
1270 1755
9 1756
241 1757
670 1758
1408 1759
1485 1760
469 1761
1624 1762
718 1763
1606 1764
1095 1765
922 1766
435 1767
1637 1768
451 1769
135 1770
711 1771
1325 1772
1244 1773
91 1774
1350 1775
1521 1776
445 1777
169 1778
986 1779
1339 1780
86 1781
911 1782
93 1783
1705 1784
740 1785
81 1786
1083 1787
1145 1788
967 1789
472 1790
109 1791
1006 1792
1738 1793
1271 1794
585 1795
22 1796
310 1797
1178 1798
1599 1799
1567 1800
1186 1801
646 1802
1218 1803
614 1804
1123 1805
945 1806
1643 1807
1065 1808
816 1809
902 1810
161 1811
1189 1812
693 1813
112 1814
1343 1815
1124 1816
909 1817
1175 1818
1167 1819
1300 1820
542 1821
95 1822
313 1823
333 1824
184 1825
1044 1826
1674 1827
920 1828
221 1829
1628 1830
99 1831
1252 1832
1701 1833
741 1834
394 1835
1217 1836
740 1837
1574 1838
113 1839
559 1840
140 1841
99 1842
1792 1843
1314 1844
1 1845
104 1846
762 1847
1690 1848
1228 1849
1595 1850
531 1851
1073 1852
1690 1853
572 1854
762 1855
225 1856
1530 1857
1068 1858
1001 1859
1287 1860
11 1861
1286 1862
941 1863
791 1864
86 1865
731 1866
78 1867
1243 1868
332 1869
563 1870
1807 1871
1537 1872
1441 1873
1864 1874
655 1875
587 1876
956 1877
634 1878
1755 1879
1273 1880
1528 1881
1710 1882
101 1883
1645 1884
660 1885
1234 1886
1152 1887
63 1888
1460 1889
1577 1890
235 1891
816 1892
503 1893
1499 1894
556 1895
434 1896
1861 1897
1781 1898
1121 1899
455 1900
230 1901
874 1902
87 1903
817 1904
594 1905
633 1906
664 1907
611 1908
234 1909
1366 1910
121 1911
161 1912
1888 1913
1135 1914
1895 1915
112 1916
134 1917
299 1918
1886 1919
975 1920
1758 1921
1460 1922
165 1923
1037 1924
613 1925
661 1926
923 1927
695 1928
1865 1929
184 1930
392 1931
1613 1932
808 1933
1358 1934
1798 1935
613 1936
836 1937
451 1938
1288 1939
440 1940
1758 1941
1474 1942
241 1943
288 1944
1487 1945
1425 1946
1369 1947
657 1948
1543 1949
293 1950
1645 1951
1638 1952
1588 1953
725 1954
125 1955
235 1956
950 1957
204 1958
398 1959
1719 1960
242 1961
750 1962
1677 1963
3 1964
1196 1965
1921 1966
1713 1967
1866 1968
1158 1969
1317 1970
792 1971
712 1972
1965 1973
893 1974
1503 1975
435 1976
1175 1977
409 1978
1961 1979
1068 1980
1520 1981
699 1982
558 1983
1457 1984
636 1985
497 1986
1714 1987
1345 1988
1164 1989
515 1990
640 1991
374 1992
1655 1993
540 1994
1375 1995
278 1996
1762 1997
300 1998
1033 1999
222 2000
1841 2001
1763 2002
1849 2003
1785 2004
901 2005
1006 2006
706 2007
1586 2008
290 2009
192 2010
1499 2011
1479 2012
1924 2013
1261 2014
127 2015
1516 2016
1393 2017
1556 2018
1563 2019
1821 2020
1985 2021
1059 2022
1544 2023
758 2024
2012 2025
1294 2026
643 2027
1093 2028
1406 2029
208 2030
1518 2031
1528 2032
1715 2033
1545 2034
424 2035
55 2036
911 2037
1028 2038
1521 2039
1491 2040
756 2041
1911 2042
1499 2043
1279 2044
1235 2045
688 2046
1448 2047
1301 2048
986 2049
1605 2050
1591 2051
637 2052
438 2053
1902 2054
1709 2055
1819 2056
1607 2057
293 2058
1968 2059
354 2060
1455 2061
1311 2062
623 2063
1519 2064
1823 2065
7 2066
518 2067
516 2068
364 2069
409 2070
1256 2071
589 2072
1515 2073
505 2074
1408 2075
560 2076
1108 2077
948 2078
1772 2079
1678 2080
1190 2081
1986 2082
1215 2083
7 2084
1347 2085
1044 2086
277 2087
1939 2088
1114 2089
254 2090
296 2091
1965 2092
319 2093
26 2094
507 2095
1565 2096
2075 2097
1284 2098
405 2099
363 2100
1341 2101
877 2102
1122 2103
1673 2104
1601 2105
658 2106
1045 2107
1773 2108
1096 2109
109 2110
363 2111
1019 2112
168 2113
1916 2114
32 2115
17 2116
1680 2117
673 2118
940 2119
1113 2120
1958 2121
49 2122
64 2123
1382 2124
914 2125
2090 2126
479 2127
1310 2128
522 2129
540 2130
1769 2131
1231 2132
641 2133
1018 2134
236 2135
630 2136
1605 2137
1036 2138
1335 2139
2004 2140
2100 2141
411 2142
1447 2143
1321 2144
189 2145
1206 2146
297 2147
994 2148
764 2149
235 2150
1180 2151
1216 2152
864 2153
1374 2154
664 2155
1458 2156
1267 2157
499 2158
47 2159
1626 2160
1659 2161
499 2162
1617 2163
260 2164
940 2165
289 2166
407 2167
2102 2168
938 2169
1097 2170
2108 2171
1787 2172
317 2173
341 2174
762 2175
1702 2176
1841 2177
1543 2178
1869 2179
317 2180
957 2181
874 2182
2129 2183
1387 2184
245 2185
1830 2186
1830 2187
371 2188
1935 2189
1966 2190
1665 2191
1919 2192
808 2193
250 2194
367 2195
1352 2196
1094 2197
489 2198
1691 2199
922 2200
928 2201
1894 2202
60 2203
73 2204
1428 2205
1811 2206
1023 2207
984 2208
415 2209
202 2210
596 2211
310 2212
470 2213
852 2214
875 2215
580 2216
1176 2217
2018 2218
1911 2219
1263 2220
764 2221
978 2222
1534 2223
1758 2224
1984 2225
286 2226
576 2227
1469 2228
1150 2229
1882 2230
1725 2231
659 2232
1225 2233
363 2234
522 2235
561 2236
1504 2237
1486 2238
1607 2239
1025 2240
1666 2241
1617 2242
787 2243
2112 2244
1961 2245
254 2246
957 2247
2096 2248
1766 2249
1217 2250
1888 2251
1655 2252
204 2253
689 2254
570 2255
1631 2256
380 2257
2173 2258
1610 2259
1199 2260
1171 2261
1620 2262
1797 2263
385 2264
417 2265
817 2266
930 2267
1778 2268
840 2269
277 2270
1380 2271
145 2272
1442 2273
305 2274
1140 2275
1853 2276
806 2277
272 2278
10 2279
1301 2280
1280 2281
1381 2282
2148 2283
1068 2284
1038 2285
1635 2286
530 2287
134 2288
2287 2289
1568 2290
128 2291
1430 2292
1709 2293
2112 2294
2112 2295
305 2296
845 2297
2055 2298
1969 2299
836 2300
2299 2301
571 2302
1358 2303
431 2304
148 2305
1172 2306
804 2307
1036 2308
2202 2309
804 2310
1483 2311
1542 2312
452 2313
829 2314
2205 2315
681 2316
244 2317
529 2318
1146 2319
1561 2320
500 2321
1727 2322
1873 2323
1882 2324
1436 2325
1909 2326
1823 2327
815 2328
2174 2329
2010 2330
1696 2331
808 2332
921 2333
1853 2334
510 2335
1929 2336
664 2337
1829 2338
318 2339
457 2340
500 2341
1070 2342
1973 2343
1438 2344
1956 2345
2036 2346
2115 2347
312 2348
1004 2349
2193 2350
2133 2351
9 2352
1336 2353
423 2354
803 2355
451 2356
2344 2357
559 2358
1165 2359
56 2360
1553 2361
1364 2362
1764 2363
1101 2364
872 2365
1570 2366
331 2367
1901 2368
528 2369
575 2370
56 2371
1310 2372
53 2373
354 2374
430 2375
1222 2376
642 2377
677 2378
90 2379
968 2380
1 2381
1228 2382
17 2383
1116 2384
2210 2385
1484 2386
2079 2387
1366 2388
2264 2389
792 2390
799 2391
1231 2392
1376 2393
659 2394
2108 2395
1662 2396
1947 2397
1375 2398
482 2399
87 2400
2072 2401
609 2402
1484 2403
368 2404
1193 2405
2274 2406
228 2407
1444 2408
1294 2409
2037 2410
2098 2411
1929 2412
479 2413
2260 2414
417 2415
402 2416
1217 2417
1701 2418
1710 2419
636 2420
1413 2421
1138 2422
505 2423
605 2424
1123 2425
66 2426
1175 2427
260 2428
1643 2429
486 2430
351 2431
908 2432
1894 2433
1136 2434
756 2435
318 2436
2436 2437
523 2438
1626 2439
92 2440
992 2441
1556 2442
787 2443
322 2444
963 2445
361 2446
1516 2447
634 2448
1657 2449
290 2450
2268 2451
1527 2452
16 2453
426 2454
1026 2455
347 2456
867 2457
828 2458
2220 2459
1550 2460
2302 2461
1952 2462
1834 2463
1003 2464
721 2465
1214 2466
34 2467
26 2468
2213 2469
1360 2470
2335 2471
1952 2472
645 2473
271 2474
836 2475
1417 2476
1066 2477
119 2478
1350 2479
1588 2480
795 2481
81 2482
388 2483
62 2484
861 2485
199 2486
950 2487
768 2488
997 2489
1461 2490
324 2491
1943 2492
1475 2493
706 2494
890 2495
1930 2496
2081 2497
1244 2498
620 2499
369 2500
1547 2501
1333 2502
1666 2503
1257 2504
639 2505
1327 2506
167 2507
1354 2508
1172 2509
1420 2510
1827 2511
779 2512
576 2513
546 2514
606 2515
1868 2516
2471 2517
2161 2518
694 2519
2296 2520
1368 2521
1458 2522
1578 2523
815 2524
1074 2525
2386 2526
1706 2527
458 2528
913 2529
656 2530
477 2531
1033 2532
2477 2533
2454 2534
128 2535
584 2536
349 2537
1048 2538
420 2539
2244 2540
1519 2541
2517 2542
1612 2543
1881 2544
1113 2545
46 2546
1735 2547
2534 2548
1524 2549
599 2550
1929 2551
922 2552
1650 2553
1084 2554
2427 2555
2301 2556
517 2557
2205 2558
634 2559
1938 2560
2320 2561
1574 2562
662 2563
1685 2564
1141 2565
38 2566
212 2567
148 2568
867 2569
1705 2570
1131 2571
1527 2572
1867 2573
2297 2574
1447 2575
2268 2576
1900 2577
1014 2578
794 2579
2177 2580
1427 2581
2304 2582
653 2583
654 2584
613 2585
2419 2586
1495 2587
1904 2588
2153 2589
839 2590
19 2591
1831 2592
2455 2593
1651 2594
1313 2595
1371 2596
1720 2597
2324 2598
1892 2599
482 2600
1134 2601
1758 2602
1998 2603
2141 2604
1209 2605
1060 2606
2327 2607
1689 2608
522 2609
1449 2610
1600 2611
2441 2612
2182 2613
2002 2614
996 2615
948 2616
1416 2617
2308 2618
1933 2619
2332 2620
1907 2621
1004 2622
2549 2623
1258 2624
806 2625
1799 2626
2187 2627
840 2628
426 2629
390 2630
1054 2631
165 2632
218 2633
1638 2634
1822 2635
2421 2636
250 2637
2512 2638
1420 2639
1849 2640
1067 2641
1492 2642
1628 2643
339 2644
715 2645
1590 2646
1532 2647
1262 2648
2150 2649
654 2650
135 2651
9 2652
202 2653
1155 2654
1038 2655
1140 2656
97 2657
493 2658
608 2659
712 2660
2436 2661
1262 2662
223 2663
152 2664
1055 2665
1997 2666
1110 2667
2174 2668
688 2669
477 2670
1027 2671
2652 2672
1478 2673
1083 2674
309 2675
515 2676
1919 2677
734 2678
1 2679
2524 2680
2108 2681
706 2682
2190 2683
910 2684
1268 2685
1192 2686
2141 2687
1619 2688
2530 2689
2259 2690
2464 2691
838 2692
280 2693
943 2694
323 2695
1528 2696
1616 2697
1066 2698
506 2699
2322 2700
1348 2701
2489 2702
70 2703
305 2704
1228 2705
1513 2706
16 2707
171 2708
649 2709
146 2710
1511 2711
2413 2712
988 2713
2392 2714
2074 2715
1041 2716
1306 2717
1895 2718
746 2719
2428 2720
2716 2721
2065 2722
831 2723
2699 2724
467 2725
1156 2726
882 2727
1403 2728
770 2729
67 2730
2707 2731
2356 2732
1307 2733
546 2734
2412 2735
1015 2736
169 2737
499 2738
1197 2739
355 2740
760 2741
865 2742
1359 2743
55 2744
197 2745
1583 2746
1144 2747
2647 2748
1837 2749
2303 2750
541 2751
2235 2752
2534 2753
401 2754
696 2755
1821 2756
1930 2757
736 2758
1880 2759
2036 2760
2481 2761
1651 2762
2093 2763
1936 2764
2218 2765
1125 2766
1242 2767
54 2768
2381 2769
649 2770
1108 2771
1478 2772
456 2773
2474 2774
1880 2775
1208 2776
1565 2777
2741 2778
1675 2779
2516 2780
2435 2781
2692 2782
2128 2783
1082 2784
92 2785
393 2786
1831 2787
1595 2788
436 2789
1918 2790
2484 2791
721 2792
845 2793
2609 2794
2318 2795
2141 2796
805 2797
1277 2798
2174 2799
2035 2800
2616 2801
2032 2802
1486 2803
214 2804
2653 2805
1538 2806
2633 2807
1556 2808
1210 2809
1432 2810
848 2811
796 2812
2545 2813
1008 2814
805 2815
116 2816
1420 2817
2676 2818
1088 2819
1147 2820
545 2821
84 2822
1722 2823
962 2824
1536 2825
992 2826
2143 2827
2099 2828
2645 2829
1657 2830
2052 2831
829 2832
231 2833
2479 2834
1428 2835
397 2836
2420 2837
2658 2838
1209 2839
1960 2840
863 2841
1737 2842
2492 2843
1150 2844
2685 2845
773 2846
1953 2847
1078 2848
2829 2849
356 2850
2816 2851
1986 2852
2788 2853
1251 2854
641 2855
2387 2856
1402 2857
1955 2858
1943 2859
2239 2860
1286 2861
2213 2862
1358 2863
2827 2864
411 2865
35 2866
1889 2867
1838 2868
343 2869
1709 2870
174 2871
1973 2872
2735 2873
1803 2874
1996 2875
458 2876
1964 2877
2736 2878
707 2879
57 2880
2863 2881
2104 2882
1804 2883
967 2884
2415 2885
42 2886
2604 2887
2816 2888
710 2889
1847 2890
1026 2891
2100 2892
1793 2893
1448 2894
2786 2895
1219 2896
1830 2897
777 2898
1864 2899
118 2900
466 2901
2359 2902
1537 2903
1897 2904
1866 2905
1948 2906
2279 2907
121 2908
2792 2909
2780 2910
572 2911
777 2912
1567 2913
2155 2914
2193 2915
434 2916
2397 2917
356 2918
1447 2919
254 2920
713 2921
991 2922
2099 2923
175 2924
1324 2925
547 2926
760 2927
1977 2928
1125 2929
1351 2930
645 2931
1407 2932
1071 2933
27 2934
1595 2935
2724 2936
1056 2937
1140 2938
2247 2939
2123 2940
1671 2941
847 2942
899 2943
105 2944
2506 2945
2610 2946
291 2947
1466 2948
1622 2949
882 2950
916 2951
628 2952
2248 2953
1815 2954
2212 2955
2619 2956
2141 2957
261 2958
1414 2959
2171 2960
1014 2961
2489 2962
78 2963
1414 2964
1395 2965
837 2966
1404 2967
997 2968
2610 2969
2740 2970
820 2971
1586 2972
112 2973
2702 2974
417 2975
1641 2976
531 2977
2481 2978
1738 2979
2237 2980
241 2981
1821 2982
464 2983
2874 2984
2639 2985
2632 2986
1623 2987
2027 2988
997 2989
279 2990
2097 2991
1008 2992
1355 2993
2277 2994
2163 2995
1992 2996
2590 2997
114 2998
2891 2999
1062 3000
49 20 91 81 21 44 99 54 16 65 14 32 85 97 1 62 77 83 13 73 41 85 40 89 63 16 89 19 41 21 23 15 46 16 72 98 16 15 40 26 1 12 94 78 54 9 85 39 93 89 56 90 34 56 38 9 43 90 45 78 7 34 33 47 61 83 64 16 55 7 20 5 54 39 26 73 58 55 61 73 43 48 71 59 13 32 33 92 45 14 4 81 13 56 26 21 48 97 6 40 86 49 19 80 68 76 9 35 4 1 27 52 29 73 97 21 54 3 27 35 34 65 68 41 14 17 71 9 60 41 71 35 89 90 37 84 39 12 14 25 88 25 3 13 21 100 18 70 15 8 55 68 42 76 55 19 2 76 76 41 54 24 22 77 57 23 87 16 26 20 91 63 7 62 26 68 72 58 73 35 39 58 91 61 57 51 95 40 63 38 45 63 6 16 11 88 6 81 100 20 87 45 4 54 70 65 85 86 60 45 33 76 61 62 62 6 93 41 9 17 32 11 35 80 19 76 83 49 62 94 43 89 56 64 95 58 85 62 35 51 75 19 61 73 38 50 26 69 88 87 91 32 67 71 14 54 73 96 22 31 32 83 77 80 54 1 12 83 100 91 77 17 100 94 55 79 47 61 37 74 60 43 70 52 28 45 9 92 5 35 66 98 79 99 87 48 26 63 72 91 91 27 78 9 57 28 32 37 62 16 53 31 91 6 21 40 63 57 46 21 31 82 55 56 74 24 51 92 64 88 47 97 7 42 27 84 96 46 16 46 47 71 66 16 67 59 17 27 1 99 17 45 55 65 100 63 67 50 16 74 27 39 25 93 26 80 33 59 82 61 9 63 5 74 90 88 100 99 55 51 77 98 51 58 92 54 74 62 14 29 30 42 75 62 69 7 98 33 1 33 66 16 56 60 7 94 40 66 25 64 15 44 87 31 44 31 28 70 14 37 66 67 20 38 3 70 23 17 4 56 80 29 68 86 92 30 17 93 56 46 35 20 12 79 27 57 12 95 24 16 59 22 24 89 77 73 15 31 65 80 2 59 41 40 88 61 16 27 44 6 90 94 97 82 69 97 60 56 99 30 90 10 57 44 79 44 73 98 58 42 4 7 36 52 2 43 28 25 99 42 53 48 15 98 13 97 1 16 67 57 15 21 6 28 52 16 48 33 73 38 73 59 53 7 82 59 31 47 92 22 42 59 90 11 81 31 15 94 65 39 24 86 37 100 6 29 78 9 45 57 28 20 77 54 58 84 63 37 87 25 19 97 96 65 96 74 11 7 7 37 82 83 69 22 69 4 91 9 59 39 81 73 15 83 80 30 96 41 60 92 9 41 34 97 14 51 67 8 28 26 96 32 60 16 28 3 49 41 44 36 65 73 83 47 56 56 5 80 18 53 81 91 62 73 51 89 100 36 86 61 33 67 14 45 61 63 67 32 28 41 92 2 77 55 24 58 38 56 82 38 34 78 18 92 91 81 5 89 83 93 24 73 100 75 79 92 35 85 76 30 77 58 58 100 52 96 71 35 90 12 41 41 64 50 16 55 60 96 58 63 89 38 90 24 97 73 61 26 31 18 21 16 68 92 52 73 31 12 93 51 60 74 32 71 93 89 17 45 46 29 3 22 25 49 40 13 2 58 29 77 52 60 75 46 44 44 18 34 16 81 12 17 59 97 81 46 17 10 22 53 62 58 41 63 34 86 91 65 64 7 78 41 17 49 73 13 93 70 33 64 30 13 11 25 36 87 36 48 65 43 87 43 27 24 45 11 5 54 90 18 44 37 41 75 34 46 28 30 45 29 14 17 27 10 82 37 24 12 81 17 9 87 76 7 8 32 62 70 32 31 42 98 67 19 15 92 17 69 18 84 86 41 74 79 27 85 17 16 26 55 28 42 12 11 7 63 25 56 3 67 55 82 28 45 81 30 31 3 59 32 53 16 7 78 71 67 59 44 16 69 19 75 98 25 10 75 20 29 26 73 46 13 50 54 6 96 72 49 63 78 96 17 29 71 75 80 8 90 94 62 31 11 76 91 75 55 9 63 6 93 61 55 91 98 12 14 39 34 86 20 92 76 1 57 92 67 84 90 55 44 95 54 83 26 12 18 80 24 24 49 25 16 63 37 63 77 7 24 13 43 86 21 100 38 98 100 38 79 63 32 53 73 29 15 79 34 68 5 6 10 28 74 39 10 38 61 60 27 90 69 70 49 100 52 93 10 99 59 74 63 30 93 74 13 13 82 82 28 100 3 66 5 66 99 31 67 48 28 3 20 1 13 84 46 87 5 83 96 57 41 94 3 78 75 5 88 37 1 20 7 97 94 29 47 62 87 79 100 13 19 3 39 38 9 84 18 48 52 8 5 55 73 98 38 45 70 44 89 74 33 21 25 22 37 72 13 96 92 43 6 4 80 73 75 96 29 96 69 30 68 13 57 56 82 55 6 14 80 1 84 97 58 67 8 49 25 97 5 36 88 33 74 84 18 14 13 36 71 52 61 50 6 26 97 91 37 53 99 28 38 82 30 57 92 34 36 44 32 76 24 29 41 84 28 96 7 36 62 85 35 31 52 27 20 11 68 63 95 34 25 28 21 36 83 21 22 2 72 57 4 33 63 69 72 85 68 41 53 48 32 81 32 91 87 5 24 17 18 35 56 56 45 35 46 9 31 79 83 75 33 99 98 86 37 37 69 13 67 11 94 31 2 30 95 1 40 67 57 39 90 42 84 20 62 25 15 82 28 20 1 49 22 73 47 97 41 3 15 44 21 82 81 89 75 10 62 7 3 38 99 78 57 92 6 36 36 75 13 61 52 94 40 79 37 6 45 65 37 97 24 89 31 61 60 86 69 43 60 8 52 33 67 67 8 66 50 16 96 84 11 76 62 44 33 68 59 6 70 16 31 21 3 77 84 32 83 6 95 39 11 30 43 80 66 80 32 28 70 42 8 54 100 7 40 66 92 18 44 72 76 18 44 83 32 53 19 77 93 89 90 20 36 9 2 34 75 56 41 15 78 41 21 100 42 70 77 71 9 92 4 3 82 51 18 39 91 1 34 91 78 10 71 5 66 33 67 95 51 26 64 37 96 77 76 56 23 90 81 14 19 30 2 19 65 63 85 56 89 83 18 71 39 54 80 78 64 85 41 87 85 25 17 62 18 88 39 33 96 28 18 9 13 57 60 54 18 24 45 18 35 66 88 58 23 45 29 22 97 75 63 16 34 7 24 12 33 27 68 50 75 12 59 26 87 75 75 67 69 86 10 34 32 52 52 53 48 89 65 99 14 27 42 11 60 97 69 72 96 71 89 93 36 20 49 36 8 74 87 27 11 88 89 63 64 19 15 8 92 95 84 34 86 36 70 59 1 24 40 24 14 79 58 56 47 19 65 91 10 6 21 61 1 88 64 1 62 73 87 65 32 57 73 3 64 22 66 56 42 33 14 15 80 44 17 29 81 42 59 52 52 88 58 97 15 51 97 100 68 7 21 24 70 47 58 32 53 32 1 59 55 43 33 100 74 86 38 72 82 29 79 100 74 96 49 22 91 71 68 49 96 96 33 53 14 34 9 30 6 21 82 86 65 46 4 63 88 13 2 29 98 37 96 4 65 30 55 36 16 82 11 66 9 61 33 26 77 51 61 25 19 93 97 92 72 55 5 59 5 34 45 42 86 81 93 44 88 69 2 33 33 79 79 85 66 96 40 55 33 100 84 74 61 64 1 31 35 16 14 22 44 56 26 66 33 78 73 42 31 13 3 35 72 31 64 74 76 14 35 2 57 44 61 35 72 89 89 84 74 17 66 92 42 73 69 35 100 21 27 100 39 58 8 37 17 1 88 90 16 27 94 65 65 17 4 3 46 34 34 47 94 57 1 24 27 21 65 58 22 70 24 89 36 1 22 14 37 91 98 84 52 23 19 6 53 2 33 11 48 46 69 14 26 59 17 81 77 4 24 68 85 33 78 45 27 33 11 92 21 17 13 10 70 3 18 88 34 88 86 32 25 54 7 32 53 38 53 99 68 84 14 93 78 5 93 83 41 85 67 69 7 17 28 52 55 47 85 59 49 70 26 24 36 31 3 47 7 75 76 8 18 79 70 16 67 95 14 74 99 28 5 85 39 78 41 80 4 94 37 33 53 91 99 68 43 93 35 78 51 83 76 87 20 87 97 75 56 66 38 11 88 27 63 49 2 21 10 3 80 76 55 50 88 25 22 69 16 62 95 56 63 59 22 33 18 97 67 14 90 23 55 76 76 21 33 52 100 59 4 38 36 4 70 73 49 21 86 58 80 6 21 24 42 28 25 28 41 51 37 53 53 19 74 56 76 48 4 28 45 72 69 26 56 28 71 49 40 40 76 73 51 85 84 7 57 61 14 2 62 100 86 64 21 93 79 24 18 83 17 95 38 29 20 68 26 86 20 44 7 29 18 37 81 93 40 34 35 62 92 95 53 15 13 81 100 74 30 67 55 8 49 81 14 94 34 4 6 36 78 90 42 28 8 44 24 94 7 66 72 4 30 62 75 70 30 31 6 37 48 59 95 17 42 89 9 72 83 60 76 70 33 68 16 42 65 56 41 44 67 24 90 52 78 86 16 70 91 54 39 27 90 68 41 19 15 30 11 74 82 87 22 66 90 48 84 95 38 48 41 62 42 79 21 33 76 33 13 36 5 85 94 6 18 37 8 7 25 12 71 4 83 48 53 5 87 97 79 37 41 19 36 53 36 5 64 77 82 21 41 73 32 48 13 24 40 97 10 22 58 90 84 25 20 70 25 47 7 4 89 32 58 21 2 47 20 22 2 2 88 45 75 97 19 72 56 76 76 8 68 71 100 19 69 58 66 37 38 14 98 61 86 93 80 81 43 69 28 55 38 77 81 100 82 74 40 22 18 64 63 24 1 93 65 93 43 54 31 99 48 56 32 74 38 15 97 46 86 67 40 48 94 45 2 19 22 29 92 25 21 9 95 19 87 30 53 84 8 55 74 79 97 67 51 12 62 26 46 80 1 89 74 32 64 28 14 58 24 15 29 42 57 7 61 84 71 35 87 17 95 4 82 76 17 99 5 32 67 15 6 49 10 93 58 53 46 77 22 81 26 67 33 57 79 15 22 40 72 80 15 26 15 80 5 70 67 20 91 66 77 16 40 7 69 65 83 12 99 98 6 57 27 13 44 92 53 36 15 58 83 98 14 28 96 95 23 24 3 89 60 24 58 45 20 44 31 31 69 53 39 97 46 19 7 91 32 69 46 79 26 77 59 54 45 11 32 90 65 68 24 60 63 91 34 80 87 55 17 46 66 8 87 11 17 43 94 27 88 73 73 35 93 92 91 76 43 21 27 98 32 83 19 35 10 18 3 34 52 67 10 49 66 94 6 22 68 40 62 69 47 31 23 97 5 69 3 4 36 69 78 10 54 33 3 51 72 33 36 32 54 78 23 13 28 53 83 84 16 78 95 91 88 48 65 7 72 38 21 54 83 100 28 26 96 6 97 57 53 58 30 43 62 69 73 65 35 67 44 89 38 86 96 16 17 29 23 50 72 12 85 26 77 48 47 96 49 5 33 12 15 65 79 66 64 75 94 22 24 28 2 17 86 77 68 22 27 25 75 39 97 25 16 85 70 73 34 46 65 89 85 63 25 21 87 2 60 97 83 61 52 15 68 29 15 62 8 90 70 56 77 74 65 22 98 72 32 82 3 71 10 52 11 27 93 69 69 49 36 33 95 13 92 75 74 3 11 38 35 85 33 64 2 19 83 63 32 71 1 40 83 67 62 43 81 38 7 63 28 38 6 98 37 46 10 83 10 20 70 79 97 33 91 71 36 77 25 74 66 16 15 49 10 69 41 58 4 91 59 65 39 86 24 72 43 29 95 1 24 44 99 69 15 83 71 51 19 66 88 67 82 82 54 72 34 20 38 48 47 15 58 75 98 100 47 62 77 15 47 10 69 24 30 63 27 59 65 26 87 61 49 31 38 68 79 97 36 88 16 33 48 89 10 78 69 48 19 53 36 64 85 75 28 37 48 63 37 86 90 13 7 57 76 38 46 76 95 56 48 59 97 14 66 36 40 32 20 79 48 98 21 99 36 6 93 61 89 23 18 49 49 16 80 88 49 45 21 86 68 30 11 40 35 21 7 56 100 88 34 99 59 7 89 19 78 64 23 22 24 15 11 92 46 20 52 46 51 58 65 75 44 38 12 39 29 85 24 66 15 25 94 37 96 22 2 78 57 10 21 82 26 99 94 70 55 24 43 97 14 73 79 30 88 54 85 62 24 68 83 82 89 97 59 74 69 36 54 57 15 92 25 36 68 16 54 65 15 70 35 28 31 61 56 6 75 53 53 57 89 15 13 56 75 77 7 93 7 12 95 90 89 22 52 17 1 48 96 17 36 72 13 4 20 50 29 37 38 74 35 13 11 51 85 34 29 42 41 25 74 57 92 30 72 50 82 61 19 24 20 67 69 46 58 79 71 15 75 37 50 36 31 99 24 57 39 87 94 77 34 96 33 35 74 81 75 85 46 61 44 68 71 90 31 36 95 17 69 17 74 57 64 72 17 75 82 90 46 10 46 96 53 16 33 15 93 33 69 54 35 76 65 98 90 18 11 3 29 21 79 26 83 73 59 60 65 53 81 53 86 37 89 75 79 73 80 4 5 62 91 93 55 66 20 88 93 38 49 73 78 51 27 15 90 17 39 96 38 63 5 22 51 92 42 52 54 32 34 98 34 52 51 68 12
