20 100
35 95 94 2 45 98 29 65 63 48 79 97 89 31 27 100 47 75 52 54 87 82 50 85 68 72 96 99 17 30 69 76 10 28 25 8 5 46 92 51 38 86 22 83 66 44 88 26 61 9 24 80 49 84 57 90 71 67 37 70 53 19 6 20 14 93 16 58 40 81 1 43 18 23 39 73 3 42 32 12 11 55 15 74 36 34 60 21 77 4 78 41 62 64 59 33 13 7 56 91
25 93 6 35 95 1 60 14 24 83 56 67 61 10 84 90 89 26 71 91 64 13 52 28 48 39 76 15 54 47 18 17 96 46 5 75 41 16 49 58 81 100 45 99 98 43 68 23 11 37 66 85 34 9 86 27 32 55 53 21 94 31 29 19 87 42 79 3 77 22 50 72 88 51 7 44 36 63 57 74 69 73 92 4 80 78 33 62 38 20 8 70 2 40 97 65 12 59 30 82
48 43 15 79 36 4 29 25 31 91 74 62 37 55 71 41 73 63 38 85 21 87 24 44 40 64 77 100 23 69 96 8 27 20 42 13 12 88 19 3 93 26 1 56 9 70 11 81 34 58 89 22 18 32 50 52 92 80 60 67 47 53 35 17 90 59 57 76 14 30 51 75 84 83 45 46 68 66 72 5 78 61 7 10 95 28 82 6 39 54 98 16 94 49 86 2 65 33 97 99
75 69 7 43 49 39 21 99 98 2 56 6 3 92 87 27 100 9 28 14 73 19 17 94 36 71 52 29 20 31 72 54 77 18 47 41 57 46 26 53 58 45 8 85 65 32 42 83 40 89 48 86 35 33 44 97 50 16 84 24 70 91 23 51 67 62 81 55 82 10 37 4 59 66 78 96 61 90 11 1 74 12 63 95 76 30 60 38 64 79 68 93 15 13 34 80 25 5 88 22
65 32 44 47 49 18 80 95 41 21 100 23 1 91 42 60 40 90 70 19 8 93 78 31 76 64 45 97 20 11 4 61 29 58 98 14 24 69 87 63 7 67 30 66 84 9 48 3 36 38 72 50 10 34 99 88 86 22 35 82 92 62 43 54 39 5 37 51 46 75 56 12 25 53 13 85 27 15 79 52 17 81 55 68 71 83 73 28 26 94 2 6 33 74 59 77 89 16 96 57
44 17 31 98 50 89 14 76 42 48 39 15 34 10 59 85 5 1 45 2 28 60 30 64 74 79 29 100 94 27 40 23 68 4 37 67 18 81 11 93 97 88 87 92 90 84 61 70 8 25 63 91 86 82 32 41 33 20 21 71 7 54 99 73 12 36 65 43 19 35 22 9 46 77 58 96 52 47 57 66 16 78 80 55 51 24 95 72 3 83 62 75 13 56 69 26 38 6 49 53
26 88 2 34 96 72 84 50 45 94 62 40 1 80 74 91 87 48 63 77 75 36 9 28 83 52 32 39 11 25 97 44 37 27 23 90 79 69 65 35 66 33 29 3 68 86 8 14 78 98 99 31 59 60 92 18 21 17 30 19 61 5 85 7 6 12 47 22 100 49 41 56 70 57 54 53 20 16 89 95 15 93 42 64 38 55 10 76 67 24 73 71 43 4 58 51 82 13 81 46
25 42 62 6 23 3 95 72 7 99 21 83 14 8 34 91 92 89 100 58 63 80 98 9 51 4 85 71 74 35 70 30 13 41 94 86 67 39 40 5 73 43 87 2 37 28 11 53 61 17 27 49 82 84 19 48 24 16 50 55 57 97 75 65 93 56 96 33 36 12 15 81 46 54 66 76 29 77 31 45 79 20 10 69 68 22 64 59 88 90 26 78 52 32 60 44 47 18 1 38
68 6 34 74 8 23 83 19 15 16 63 61 58 17 55 50 97 40 90 57 77 51 35 39 72 85 87 54 24 13 43 100 92 71 41 48 3 5 30 47 60 69 20 36 25 27 99 28 78 86 53 82 7 33 32 22 80 31 1 26 91 14 45 88 79 94 98 76 46 96 10 73 59 12 56 44 49 9 95 93 65 2 89 64 29 42 37 52 67 18 4 38 62 70 66 75 11 84 21 81
95 20 22 58 55 75 91 25 9 88 26 13 53 82 84 43 62 90 28 67 40 68 70 93 96 32 54 27 14 57 98 31 92 72 46 86 44 71 35 61 78 52 100 79 89 48 64 99 19 41 38 10 16 39 1 94 3 50 85 77 49 66 24 42 81 74 23 47 34 2 69 33 12 51 4 80 7 30 45 15 63 6 18 76 97 8 29 11 73 87 36 56 65 60 37 5 83 59 17 21
33 76 25 3 78 51 7 14 44 80 47 2 97 11 56 43 69 46 9 62 60 71 93 92 18 41 90 30 88 13 32 12 26 19 79 65 23 53 15 38 1 95 50 17 5 58 94 84 68 42 86 85 64 24 67 75 29 98 96 21 70 16 72 77 74 28 48 27 31 45 34 99 66 6 22 81 39 89 52 20 10 91 36 37 57 49 83 54 100 55 35 87 40 63 4 61 73 82 8 59
10 48 57 23 13 60 56 2 78 50 80 4 100 3 5 69 26 74 47 72 62 95 61 20 63 7 1 64 75 58 38 55 71 9 27 35 84 97 99 11 76 12 15 6 46 87 17 53 92 40 98 36 29 30 45 94 73 16 65 39 86 90 28 31 51 59 85 82 25 83 32 81 66 96 33 43 21 34 18 19 54 77 22 41 42 14 67 70 24 52 91 68 89 88 93 79 49 44 37 8
81 21 60 58 93 15 5 59 16 67 92 97 47 90 2 98 78 32 37 23 87 42 44 85 13 63 26 52 83 9 29 20 57 100 7 38 49 79 4 86 70 25 77 40 62 41 80 66 75 48 34 76 51 74 1 19 36 35 96 6 88 94 27 82 72 91 33 68 73 50 22 30 14 17 84 18 55 95 39 8 89 65 28 45 31 71 69 10 12 61 54 24 53 11 46 43 56 99 64 3
52 48 15 95 47 71 88 46 19 72 56 60 62 89 83 93 39 29 4 30 5 94 2 65 98 54 13 63 66 80 58 32 50 3 78 1 20 76 28 35 87 22 55 17 40 84 96 34 12 51 23 14 73 77 53 64 59 81 42 27 25 91 43 68 75 92 8 24 38 100 18 49 82 11 74 97 9 90 6 99 41 37 61 45 44 21 69 70 79 16 85 36 31 26 57 7 67 33 10 86
37 8 96 6 11 34 87 9 33 78 95 92 100 74 3 36 46 41 14 13 30 42 5 21 53 65 22 68 39 89 44 48 29 23 69 72 94 80 84 26 76 70 64 61 88 83 38 90 75 93 99 79 73 81 19 57 25 58 2 60 59 40 10 43 71 66 86 54 35 62 56 77 31 24 27 98 18 47 32 91 97 50 15 12 1 49 45 20 17 85 63 4 7 67 52 82 28 51 16 55
47 71 79 65 46 63 67 96 25 35 21 88 43 55 83 80 14 4 85 17 81 77 1 73 27 64 61 33 50 86 72 39 12 10 24 94 49 36 57 52 31 29 5 2 70 53 20 68 91 76 11 44 56 26 48 13 98 78 9 97 41 7 42 92 40 30 60 34 69 58 75 66 95 100 18 15 90 16 99 84 93 19 51 38 28 23 87 3 62 89 6 32 74 22 45 82 59 37 54 8
71 12 17 98 88 73 66 85 69 22 18 6 45 70 94 47 99 28 91 11 40 61 84 63 15 80 9 89 86 24 46 72 21 68 55 58 65 8 48 5 53 44 81 57 34 42 41 36 92 3 27 95 43 50 38 100 31 20 13 32 83 51 62 35 16 87 1 60 54 4 7 26 79 96 14 30 67 78 39 2 76 93 37 82 25 59 49 64 29 19 10 33 23 75 97 90 56 52 77 74
24 39 18 41 70 16 63 50 64 76 7 79 20 86 19 29 58 94 77 49 32 44 96 55 87 23 54 31 33 92 30 97 61 4 88 72 57 93 6 67 74 26 59 43 38 91 98 3 22 69 99 68 73 13 53 95 21 8 81 37 28 14 36 78 42 89 52 82 12 65 71 45 47 51 11 66 34 84 90 48 100 60 83 40 80 85 56 1 2 9 75 15 25 5 62 35 10 46 27 17
88 61 21 20 6 96 12 97 86 42 98 76 77 83 18 79 68 30 71 41 31 22 16 29 14 8 26 10 75 64 92 59 38 72 70 65 67 5 34 60 53 1 37 51 45 82 54 23 74 56 15 25 63 2 78 81 47 91 50 73 11 99 43 89 46 57 62 85 48 100 90 84 36 33 28 58 55 24 95 4 9 40 66 69 7 3 44 32 17 13 19 93 80 52 87 49 35 27 39 94
20 18 31 85 87 39 2 6 36 59 14 98 60 35 27 94 69 64 55 62 90 26 83 43 38 81 7 54 56 45 74 3 72 23 50 79 86 49 22 48 1 32 21 66 65 52 95 33 34 37 92 67 42 88 99 30 91 44 78 73 68 24 100 80 53 41 17 82 40 96 75 19 70 58 28 97 46 16 4 13 93 84 11 47 77 12 63 61 25 89 57 29 15 10 76 51 9 5 71 8
