100 100
89 63 80 74 31 35 17 90 28 99 7 50 59 46 67 3 44 41 40 5 96 4 10 2 95 14 21 47 62 70 72 97 19 1 87 20 39 53 38 48 57 56 37 100 88 79 26 98 55 12 93 24 51 68 27 65 84 34 25 42 85 82 23 8 16 22 86 43 11 92 32 9 13 77 54 76 49 6 81 33 30 71 73 83 69 45 94 75 58 29 52 15 18 36 91 66 78 60 64 61
69 1 52 49 81 30 40 71 96 91 37 86 39 63 2 75 10 20 6 50 53 46 60 85 83 9 31 36 64 5 47 97 94 11 34 14 44 88 4 66 59 22 55 21 70 82 25 89 24 76 78 54 100 80 32 79 8 23 43 77 42 99 92 84 38 26 17 41 12 48 93 51 3 35 73 56 61 19 90 7 68 27 28 58 95 74 13 18 29 67 33 62 45 98 72 15 87 16 65 57
57 39 19 75 69 55 56 50 58 52 92 54 42 41 70 2 86 67 35 74 49 47 78 26 5 64 8 72 98 12 88 17 82 99 83 44 76 73 46 53 45 91 28 63 9 24 32 37 68 59 31 7 3 84 25 6 80 77 71 20 100 95 61 89 33 38 62 4 15 93 23 14 21 48 60 10 43 97 36 34 85 90 81 96 11 66 87 94 18 40 30 13 79 22 1 51 27 29 65 16
79 33 44 6 14 39 23 21 8 77 5 38 85 99 49 67 51 59 48 18 15 25 30 62 100 76 68 34 81 58 73 70 95 22 80 66 10 84 29 63 83 97 37 61 87 65 36 88 86 43 94 53 19 72 41 2 52 40 74 1 54 26 56 45 89 98 90 4 82 78 96 57 75 69 24 28 71 50 92 11 42 12 3 91 64 35 13 7 17 46 47 27 16 32 93 20 9 55 31 60
1 93 36 4 24 14 44 66 75 58 50 83 53 94 37 85 97 65 56 26 99 25 39 47 13 9 10 78 48 71 52 88 30 74 34 31 81 86 90 18 73 87 16 92 8 89 72 100 17 59 62 40 28 5 61 42 21 49 76 60 68 12 38 84 19 79 35 51 23 46 80 22 33 7 41 20 6 55 77 69 43 2 91 15 96 82 54 32 64 27 11 3 95 70 67 98 57 45 29 63
27 87 80 42 30 78 13 68 76 57 74 77 44 29 3 6 65 100 94 67 41 12 43 70 34 92 49 26 64 17 4 36 79 54 11 89 24 16 45 52 51 99 19 21 55 9 82 31 28 93 88 96 98 25 1 32 53 73 63 35 58 46 40 48 38 5 85 83 7 91 84 75 8 50 10 95 56 86 81 47 2 61 22 90 33 39 60 37 14 18 15 59 71 66 20 23 69 72 62 97
38 72 84 37 67 1 47 28 44 22 96 99 4 23 13 36 85 54 2 5 78 75 6 60 27 35 76 43 52 17 50 70 25 61 98 81 19 34 39 29 30 64 88 97 66 48 8 53 21 65 93 59 100 69 16 7 62 9 18 83 90 80 11 51 45 3 74 91 71 86 63 68 32 26 87 49 56 31 14 57 94 33 10 58 42 73 46 79 55 95 41 20 15 24 89 82 12 40 92 77
44 46 78 51 61 16 90 31 27 59 11 56 76 23 13 54 88 3 86 80 18 50 36 35 19 67 92 10 26 74 38 17 30 75 41 52 48 15 70 96 94 20 89 40 29 2 45 98 43 81 47 95 91 93 58 79 25 32 55 68 6 24 83 77 37 73 65 57 21 7 82 1 60 72 87 39 9 14 28 5 66 34 84 100 12 99 62 64 69 63 85 42 33 53 22 71 8 49 97 4
46 6 19 73 40 12 89 75 60 70 26 22 45 14 90 99 48 13 72 49 76 67 18 80 51 61 93 100 94 1 43 28 71 98 63 53 27 32 31 16 86 7 95 66 56 74 20 30 34 47 65 79 50 78 5 54 39 10 25 87 96 3 97 36 17 77 52 68 23 38 92 83 55 9 62 69 82 41 85 44 35 15 4 8 58 2 42 91 11 81 37 64 84 59 21 57 24 88 33 29
27 77 42 31 11 10 99 51 32 75 80 20 56 61 3 9 60 66 55 39 73 65 25 67 26 59 14 84 54 47 83 13 34 43 16 100 93 62 48 35 21 49 96 81 41 76 53 70 63 23 58 50 72 92 87 71 5 37 44 64 38 1 52 12 94 17 2 6 78 91 86 40 68 22 90 85 95 89 8 4 19 79 15 36 69 33 29 82 30 28 24 46 7 98 45 74 88 97 57 18
5 55 48 47 44 11 18 90 35 76 87 71 29 78 1 69 80 94 52 26 9 57 64 13 99 31 66 98 73 43 91 92 96 46 12 19 100 17 45 14 95 41 72 97 58 88 25 24 86 7 30 15 33 36 23 84 27 21 4 60 20 83 28 56 34 2 16 22 49 74 10 51 6 63 61 75 82 93 53 42 89 32 79 38 59 62 70 8 39 65 68 50 3 67 40 77 81 37 85 54
19 41 14 91 59 66 25 52 2 78 81 26 77 13 73 11 20 53 46 44 98 54 16 61 50 17 7 88 23 24 55 56 100 43 51 10 75 40 80 86 37 31 5 96 83 70 49 33 34 69 27 72 35 15 94 28 47 57 92 45 93 99 63 97 89 82 9 36 85 58 32 79 3 71 29 62 1 22 12 90 42 60 6 30 84 74 8 4 65 48 95 67 38 21 39 18 64 68 87 76
59 39 26 10 60 8 79 18 83 13 88 42 84 63 24 58 49 43 90 33 22 12 89 85 38 34 91 62 28 92 35 2 72 64 37 81 46 23 70 15 95 66 4 86 40 25 14 78 87 52 55 93 100 98 30 3 47 19 61 96 9 94 76 36 45 20 54 69 68 51 27 67 82 71 31 77 5 73 99 50 21 74 17 6 7 29 57 41 1 44 16 48 65 53 32 11 75 97 56 80
73 20 4 11 18 72 16 68 9 28 58 40 50 89 81 26 57 74 31 35 100 29 56 98 85 63 22 78 79 30 13 61 5 37 15 33 99 95 82 69 38 7 36 12 25 39 51 41 92 94 46 66 87 52 64 70 45 86 49 27 21 32 80 88 71 6 97 83 93 2 84 53 42 47 76 1 24 17 65 54 8 90 62 34 77 67 91 59 44 23 60 19 55 75 10 48 3 43 14 96
72 31 57 43 74 3 46 95 29 32 77 90 23 96 55 14 68 38 81 71 2 92 73 58 100 88 30 84 11 82 65 35 61 52 33 26 69 7 48 64 6 67 78 44 25 21 54 80 66 28 50 53 1 19 8 59 27 89 98 97 36 76 40 22 94 56 85 91 47 42 15 18 49 60 51 16 24 45 62 13 41 93 12 37 63 83 75 10 4 70 99 17 5 34 9 79 87 86 20 39
53 92 91 38 25 44 74 12 28 58 51 37 66 31 10 70 6 72 15 14 93 34 89 42 76 80 27 40 29 50 9 24 88 26 16 21 100 78 18 22 81 1 19 45 36 30 82 87 47 84 95 86 96 73 11 54 63 7 5 65 41 2 52 56 98 69 20 85 61 49 64 99 75 68 90 60 79 4 83 33 55 13 59 77 32 17 8 97 46 57 48 71 3 35 23 67 94 62 43 39
93 53 74 45 13 63 95 85 10 79 18 15 25 89 67 87 70 29 20 86 80 43 32 40 60 19 97 3 96 34 61 42 33 39 44 77 23 90 100 51 17 36 47 49 81 65 28 35 78 21 22 41 98 26 11 82 62 2 38 8 56 16 57 12 58 94 31 30 9 59 64 55 99 54 6 91 5 83 71 7 88 50 76 24 46 27 66 48 52 4 37 72 1 73 14 69 92 68 84 75
61 87 34 38 97 48 13 29 77 71 64 81 70 98 1 47 32 30 53 92 5 73 46 21 84 76 39 74 42 75 26 86 17 79 52 66 11 89 72 100 69 67 2 10 22 45 56 25 3 15 23 18 41 8 12 19 63 80 50 54 65 94 6 28 78 16 31 20 59 60 90 58 82 44 43 35 4 55 27 9 57 93 83 33 96 51 14 62 95 99 37 85 7 36 24 68 88 49 91 40
57 62 1 51 64 9 38 63 12 30 93 28 46 79 50 40 44 87 67 33 59 34 69 81 82 75 65 89 80 73 56 15 55 20 37 14 83 61 54 58 95 53 41 99 18 66 17 8 52 91 85 43 19 98 78 7 11 84 88 3 72 5 2 21 16 96 10 4 27 47 70 13 36 32 29 74 22 86 39 23 77 25 97 60 68 42 35 94 26 24 6 90 100 76 45 31 71 49 92 48
79 45 34 93 78 40 32 67 51 80 44 52 61 23 70 86 95 81 56 7 89 88 48 55 33 82 87 98 83 11 35 10 42 76 2 71 29 77 26 96 36 28 85 94 53 62 59 97 19 21 6 92 17 58 8 74 69 30 47 39 22 64 16 37 100 99 5 68 15 46 20 3 38 84 73 27 43 31 9 4 18 63 13 57 49 1 72 54 60 90 41 25 24 14 65 91 66 12 50 75
59 22 82 57 37 24 100 12 65 8 88 45 53 64 10 66 80 44 87 75 84 70 99 54 39 93 32 55 5 97 48 67 15 61 43 26 38 9 50 6 13 49 60 17 68 62 41 95 71 73 36 14 2 3 28 56 19 90 79 76 63 85 11 91 92 23 83 78 1 20 25 58 29 98 33 81 46 27 94 30 89 16 31 96 7 51 21 69 18 35 74 40 4 34 47 52 42 86 72 77
51 52 16 10 65 73 98 13 92 94 64 88 2 8 89 35 69 53 6 56 45 74 63 4 38 67 77 79 5 50 22 37 49 82 33 54 36 95 97 83 9 29 44 70 34 71 55 43 28 100 57 78 90 93 99 86 84 39 14 41 24 91 40 76 21 81 7 27 66 15 85 68 11 1 18 62 60 72 32 3 30 23 46 12 96 75 19 87 17 48 20 25 61 80 42 47 58 26 31 59
43 3 30 70 17 62 49 78 56 40 76 7 58 53 18 54 87 79 36 92 20 38 28 19 86 93 51 73 45 57 69 72 41 65 81 47 82 11 33 100 35 23 71 29 15 66 83 16 46 95 63 85 75 27 48 42 50 14 44 39 8 13 2 1 77 25 88 59 12 26 31 96 60 34 68 74 64 6 99 32 80 91 97 67 94 10 90 61 55 9 24 22 37 52 84 89 21 5 4 98
1 35 2 68 22 6 88 18 98 85 86 87 57 45 95 84 97 81 7 90 70 69 99 15 50 78 10 8 23 42 56 4 55 61 59 16 32 37 20 89 36 28 29 65 44 49 62 9 21 94 25 80 79 5 96 83 76 41 31 100 72 27 26 34 75 13 40 92 51 54 74 48 73 46 67 19 60 38 33 71 3 91 14 64 66 52 47 93 63 12 11 30 82 53 24 77 39 58 17 43
87 96 90 39 78 29 58 3 61 92 24 42 5 48 70 88 98 62 19 32 76 33 72 43 67 36 9 14 26 80 83 91 38 71 85 13 44 15 18 40 31 22 41 99 86 60 63 2 84 34 4 65 81 27 11 10 8 97 37 95 50 47 64 28 23 45 53 12 59 89 21 20 6 54 93 75 46 51 52 7 16 66 49 73 74 1 100 30 77 56 79 82 94 57 68 55 25 69 35 17
82 34 32 16 83 18 14 4 2 41 12 50 28 25 44 3 55 59 62 95 31 26 43 99 47 97 38 70 24 92 13 35 56 23 20 91 22 21 74 60 68 66 73 100 65 7 90 75 36 8 96 87 69 53 57 11 64 93 30 77 89 63 54 72 49 37 76 88 9 1 48 5 94 78 33 61 79 98 84 85 10 17 19 58 39 71 67 15 29 46 27 51 40 45 86 80 6 52 42 81
74 62 34 28 75 12 7 21 54 8 85 66 98 94 46 91 84 5 32 41 47 70 50 42 81 90 69 30 93 64 82 45 11 39 3 33 77 51 56 1 99 83 19 40 96 57 14 15 23 68 18 92 67 49 36 31 97 55 65 80 24 9 10 37 44 13 87 4 78 72 100 59 48 88 20 58 79 86 25 17 26 35 95 43 61 76 71 2 16 29 6 27 60 63 52 38 22 53 73 89
4 84 63 49 62 25 67 61 45 74 9 75 38 77 70 72 98 17 50 32 30 93 13 48 24 2 91 18 15 95 90 57 71 21 58 68 83 1 78 92 6 42 76 12 7 65 94 96 52 44 81 29 23 14 19 27 86 39 60 55 79 26 54 100 37 64 56 35 36 89 99 97 46 66 3 87 43 20 10 40 5 85 80 22 59 28 33 88 34 8 69 53 51 31 16 47 73 82 41 11
13 81 83 85 52 14 66 77 8 38 21 36 63 27 69 100 79 89 40 39 62 57 92 64 96 46 99 20 75 58 86 76 71 80 18 29 34 91 4 7 84 45 6 74 98 9 47 67 12 97 55 23 17 56 60 32 15 94 10 61 54 1 37 2 53 93 41 30 11 35 26 16 44 82 90 25 68 78 19 33 70 48 5 65 28 87 3 22 49 50 73 31 88 42 51 24 43 95 72 59
45 24 96 16 30 86 35 54 63 12 19 97 33 94 50 46 73 70 62 87 47 79 85 4 71 15 88 58 14 81 92 57 68 21 55 43 60 28 32 52 37 100 51 48 93 3 76 98 83 89 67 20 34 10 6 84 74 42 5 65 69 18 13 90 23 77 40 11 17 99 61 26 25 64 38 82 7 80 95 31 1 39 44 22 56 75 53 72 36 2 41 27 8 59 91 78 49 66 9 29
68 48 58 5 62 97 45 42 98 49 11 50 7 99 26 23 60 18 6 4 51 15 39 44 52 57 24 63 10 73 64 35 70 19 31 8 2 54 95 85 94 32 12 40 69 67 47 22 78 76 29 79 41 87 36 84 1 81 56 38 86 92 25 61 3 17 80 37 72 55 83 27 46 96 77 88 59 66 74 30 89 82 53 43 13 28 71 21 93 75 14 34 16 90 100 91 20 9 65 33
60 78 5 69 86 66 40 68 52 29 10 75 85 46 90 16 23 13 93 55 57 51 65 58 49 100 20 62 77 70 95 50 11 25 47 94 14 7 9 45 84 91 88 64 19 96 48 1 26 24 18 92 80 36 54 37 43 6 42 99 21 63 81 35 67 82 79 97 87 73 76 17 72 15 53 89 28 56 44 34 8 39 61 41 83 31 98 38 2 3 74 27 4 30 59 32 33 22 12 71
67 6 82 83 51 14 42 35 80 1 15 54 55 72 100 90 69 78 50 88 23 87 12 57 76 9 56 39 46 20 75 93 24 71 27 38 97 37 40 3 18 41 92 34 26 8 73 44 19 61 81 33 4 5 52 45 60 74 62 68 91 94 77 65 86 64 17 31 25 85 63 79 89 22 2 7 53 29 11 99 28 58 36 70 95 43 32 47 49 30 84 21 59 13 66 48 10 96 16 98
79 17 40 34 89 45 47 87 22 10 30 76 26 85 57 33 51 75 12 63 37 46 52 25 43 56 80 53 68 24 100 32 4 97 82 7 5 1 77 20 50 3 91 28 48 42 55 27 2 90 16 6 70 31 39 21 29 71 19 35 9 88 94 73 41 95 44 23 78 86 99 8 72 98 83 67 81 11 15 74 54 59 64 84 60 58 49 61 65 69 14 36 38 13 62 18 66 92 96 93
13 70 64 21 62 29 45 81 18 63 7 16 12 76 93 72 47 79 20 57 73 39 44 61 19 24 30 36 17 32 82 52 50 92 87 86 6 26 1 56 65 54 41 35 14 46 99 22 34 2 48 100 71 58 3 55 42 28 84 27 53 88 97 94 66 78 74 95 31 4 96 98 90 67 60 23 68 85 10 69 15 77 8 51 43 25 83 89 80 38 91 75 9 11 37 49 33 59 5 40
36 10 48 12 63 61 20 73 35 33 96 49 44 68 3 93 94 69 97 29 13 6 34 31 76 78 67 18 54 39 42 66 86 88 1 17 25 14 87 95 2 26 64 71 5 79 8 65 47 37 89 62 51 50 15 46 11 81 16 38 45 55 24 99 27 9 30 43 59 82 60 75 91 77 92 28 57 32 83 74 23 58 100 56 41 40 80 52 22 21 19 84 98 53 7 70 72 85 4 90
94 43 97 37 76 33 20 12 92 68 5 49 42 32 64 93 60 26 84 18 57 85 82 88 28 19 56 7 44 48 11 63 10 71 24 70 73 29 35 65 59 45 74 30 96 61 31 13 72 62 55 40 14 99 36 52 91 69 46 90 23 95 78 38 15 100 21 27 67 83 17 6 87 98 39 79 3 2 25 34 66 75 51 80 58 89 41 16 4 22 86 53 8 9 77 47 81 54 1 50
62 40 56 67 83 52 33 63 96 84 100 5 16 66 42 47 54 78 90 9 13 86 59 77 14 32 82 23 7 1 72 98 6 89 73 99 18 17 69 41 93 48 94 88 39 70 4 15 21 65 11 85 71 57 28 61 95 97 51 19 80 58 26 49 46 43 76 10 25 37 35 36 3 60 64 81 92 44 31 2 38 74 50 53 55 20 87 29 91 27 24 12 8 68 45 30 75 22 79 34
16 73 44 29 82 97 79 71 36 37 72 95 1 33 15 87 2 13 78 51 28 66 48 100 3 59 20 7 86 31 98 30 19 43 56 83 42 41 62 94 27 70 68 49 6 76 57 54 85 5 11 35 65 14 91 39 61 17 92 23 52 60 75 47 46 12 90 55 88 93 34 8 58 99 63 53 26 4 21 81 9 32 77 67 50 69 18 38 64 84 45 89 24 25 96 74 80 40 10 22
8 9 62 89 70 18 36 88 94 67 33 93 52 80 4 24 29 43 26 16 56 65 21 72 84 53 31 13 25 95 61 39 97 99 20 55 50 58 35 2 12 7 71 19 74 6 34 40 37 91 87 54 28 47 69 11 1 23 73 85 78 100 59 46 64 82 22 45 14 77 98 30 48 63 92 17 49 90 3 60 57 41 83 51 68 86 15 44 38 27 66 96 10 5 32 81 42 75 79 76
19 20 84 16 13 47 88 71 37 40 35 61 2 7 41 97 79 46 93 39 23 34 69 3 31 53 60 51 18 63 10 50 70 80 29 73 77 11 98 36 83 8 17 56 44 94 15 89 65 75 4 21 1 96 64 58 72 99 5 43 33 48 52 49 74 57 45 28 27 62 100 12 59 87 90 55 9 24 92 95 66 25 81 42 54 91 32 38 67 78 86 76 22 30 14 82 26 6 85 68
2 1 44 69 75 58 7 27 96 100 37 42 14 36 93 73 56 98 95 23 77 30 82 16 47 26 17 51 80 20 83 70 35 88 32 59 67 46 40 61 45 63 57 72 39 24 85 13 18 60 50 29 12 78 62 6 10 65 31 49 54 86 90 22 71 34 87 41 55 3 11 33 28 89 64 21 5 53 8 91 92 66 99 9 4 25 97 81 76 79 84 94 52 19 48 68 74 15 43 38
63 98 51 24 16 25 94 1 4 26 40 75 45 38 14 57 60 69 80 97 29 73 90 9 99 87 7 62 11 83 65 72 37 12 17 66 49 95 2 39 61 67 79 77 85 71 86 23 36 43 5 84 18 96 58 74 20 91 27 41 46 64 76 81 93 55 82 19 68 48 70 15 42 13 33 44 52 59 100 30 56 21 78 34 35 6 3 89 50 53 54 10 22 28 31 47 92 32 8 88
81 15 56 37 75 86 32 36 58 41 18 46 35 92 43 33 83 63 59 91 87 53 85 48 6 34 61 62 39 96 51 55 21 9 54 52 65 50 1 23 71 70 8 80 12 93 82 3 11 22 60 66 16 24 68 97 69 10 90 73 44 79 26 84 2 78 4 31 25 94 38 40 99 98 27 49 64 29 67 95 28 45 57 100 88 13 77 30 89 7 76 74 72 17 5 42 14 19 47 20
12 46 69 28 97 78 2 85 36 43 52 40 16 22 56 3 74 96 59 62 67 44 9 73 64 29 92 71 4 41 13 25 55 79 90 77 7 5 1 47 83 70 6 84 65 86 88 35 15 45 57 49 99 58 50 10 39 61 66 17 38 19 53 100 98 72 48 24 91 23 27 37 54 51 11 80 95 82 33 89 20 31 26 30 75 81 68 76 8 87 94 93 42 14 21 18 60 32 63 34
68 83 40 74 46 64 44 29 37 10 11 2 6 32 75 49 78 89 25 98 95 41 93 15 27 28 16 22 13 45 56 19 63 71 59 26 12 38 21 82 14 55 84 50 7 70 43 67 73 76 72 4 57 51 3 54 77 60 39 1 91 20 18 94 30 33 36 88 90 66 99 61 34 87 48 97 47 62 17 100 85 96 52 42 92 9 86 31 79 53 35 65 69 24 80 58 5 23 81 8
45 53 24 12 59 70 96 19 3 90 77 14 51 84 42 63 55 65 40 26 32 9 56 68 1 27 17 81 76 43 79 38 88 50 93 80 10 91 22 64 98 23 30 18 100 78 35 34 33 44 48 37 21 2 49 41 52 11 29 6 39 58 5 86 92 20 28 74 25 4 87 54 57 94 85 60 13 15 89 82 97 73 46 69 47 75 83 66 7 8 36 61 99 62 67 95 16 72 71 31
33 20 81 60 15 68 11 27 43 32 63 99 39 92 51 36 79 89 69 70 8 75 82 6 91 10 87 29 88 80 57 74 14 98 90 19 94 13 2 59 58 1 61 93 38 23 30 67 48 100 66 46 35 53 18 26 64 21 3 47 65 5 40 16 22 96 41 56 25 84 42 86 83 54 24 55 37 97 34 49 72 7 52 95 78 44 31 77 12 85 45 50 28 71 62 73 17 4 76 9
36 28 34 2 75 51 67 87 24 6 35 9 21 31 82 43 37 88 49 7 14 26 100 10 58 83 29 89 53 27 74 55 52 86 79 44 8 16 94 73 20 85 17 61 93 56 45 98 25 62 23 22 30 41 32 50 64 70 71 92 57 18 47 59 91 76 33 99 3 90 80 4 95 84 39 13 77 54 60 5 81 46 40 66 65 68 1 11 78 97 63 69 15 38 48 72 96 12 19 42
96 38 80 14 53 62 10 35 3 48 81 91 34 42 26 67 89 72 82 74 37 69 25 47 84 32 49 41 9 13 40 43 58 95 29 36 24 33 99 97 90 2 66 88 19 1 68 54 64 94 100 56 71 93 59 16 44 30 6 77 79 50 57 23 51 15 18 28 4 61 45 60 63 11 31 65 87 46 8 92 27 17 98 55 70 73 12 7 39 5 86 20 21 52 75 22 85 76 83 78
71 80 2 40 86 35 59 54 17 69 65 93 60 67 84 77 33 55 13 38 28 30 88 34 7 42 26 15 68 51 3 45 39 32 8 81 64 97 57 92 95 52 1 53 27 70 24 85 96 21 90 20 72 75 87 14 9 16 5 47 29 50 79 36 37 83 66 22 82 63 48 11 99 6 46 18 49 44 61 56 19 4 98 62 91 25 94 41 89 76 58 31 78 23 12 100 43 10 74 73
98 23 99 8 31 34 12 3 64 95 27 35 45 97 94 71 43 82 47 21 60 56 33 40 5 83 20 25 96 86 80 66 32 51 57 61 42 6 75 67 14 15 44 81 100 48 88 36 28 79 26 11 49 68 87 76 72 50 17 93 91 1 58 69 78 39 4 73 22 13 16 62 46 52 9 77 24 54 7 18 30 85 70 59 37 84 41 63 38 74 89 10 53 55 65 19 2 29 92 90
43 59 57 18 98 14 17 47 89 50 48 63 75 93 91 36 16 97 41 32 1 96 71 3 73 58 40 39 33 100 68 60 87 27 45 28 12 4 66 95 7 42 5 52 34 81 77 76 54 56 11 85 24 70 53 88 92 35 8 94 25 78 61 72 51 79 62 86 38 37 9 67 99 2 84 31 22 69 29 49 19 83 55 20 65 6 90 13 64 74 82 80 15 21 30 10 44 26 46 23
96 79 20 97 34 29 46 89 100 74 52 42 56 26 83 69 82 58 28 39 98 49 5 47 66 65 2 35 45 41 76 8 21 51 84 85 19 32 23 80 90 77 55 68 57 31 48 6 17 18 44 12 72 4 30 27 43 62 14 53 40 73 33 86 7 22 95 3 78 94 61 93 87 9 50 67 54 25 60 15 70 11 71 1 91 16 10 92 24 75 81 99 37 38 88 13 36 64 59 63
42 79 17 23 35 86 61 27 94 81 7 19 26 21 6 52 76 39 67 100 30 25 89 22 64 2 11 62 4 48 92 41 95 69 54 88 33 12 53 51 63 93 32 38 50 10 31 83 55 47 65 49 80 28 29 20 1 37 70 9 45 66 56 43 59 87 74 75 91 57 24 90 82 36 73 96 5 3 40 78 44 13 15 77 18 72 60 84 98 8 85 71 46 58 68 16 99 14 97 34
7 15 5 44 80 28 48 71 100 34 32 63 33 84 30 61 6 67 19 74 68 42 75 87 55 60 57 79 13 14 85 73 45 26 10 72 4 36 39 97 52 27 86 81 20 11 46 23 93 8 94 22 38 37 53 88 18 65 83 31 70 78 29 49 50 1 12 76 95 92 59 17 54 16 51 82 25 89 3 24 47 91 9 77 58 69 66 40 64 62 35 2 90 96 21 41 98 43 99 56
67 77 18 69 95 28 25 56 62 35 39 11 15 59 19 70 98 66 38 2 100 12 46 29 3 58 85 76 22 50 88 13 8 57 86 26 27 41 32 30 60 7 53 90 63 24 82 23 14 5 89 74 80 33 91 99 81 84 20 17 45 68 97 37 78 4 43 75 49 9 42 94 55 64 83 47 92 73 71 93 72 40 48 34 16 65 54 1 87 79 10 52 6 51 61 44 31 36 96 21
44 51 88 29 48 16 19 82 24 87 58 6 65 100 91 97 80 73 74 30 15 86 54 36 22 57 2 62 53 99 14 72 79 93 34 42 9 5 1 77 20 92 25 59 46 33 98 40 12 10 43 56 8 4 7 41 21 35 83 96 50 11 55 66 38 32 63 94 67 60 70 68 18 17 71 52 85 49 27 76 31 47 75 78 13 45 39 69 23 90 28 89 61 37 3 64 84 95 81 26
44 34 62 33 91 16 86 37 69 1 25 81 57 97 51 60 38 84 83 13 88 73 28 89 68 99 79 67 90 10 64 42 2 50 40 11 61 49 92 82 29 12 43 66 65 93 70 46 77 41 5 59 27 26 80 17 31 100 4 48 56 23 71 7 36 22 53 14 3 30 18 96 20 95 6 94 72 76 9 78 87 24 58 32 75 52 21 54 8 85 47 19 45 63 15 35 39 74 55 98
100 85 75 42 58 69 63 64 34 97 51 31 84 81 7 30 61 82 49 72 71 68 95 59 14 10 77 27 38 98 29 20 16 33 18 37 46 21 1 57 79 89 48 25 40 41 17 86 50 9 28 52 24 83 53 65 2 74 11 19 90 54 94 91 22 36 62 5 60 4 32 3 67 92 13 43 8 6 35 73 76 78 80 47 15 99 88 23 39 93 96 56 87 12 45 70 26 66 44 55
57 97 41 35 84 16 21 32 5 80 29 46 81 25 62 48 64 93 90 94 50 12 100 33 13 73 91 3 89 31 8 4 27 7 58 61 6 19 1 60 87 66 79 18 36 53 92 82 88 2 37 45 49 56 96 30 47 43 75 23 55 11 78 77 69 28 63 72 14 52 67 98 83 42 22 40 24 54 86 70 95 17 71 26 34 20 59 51 10 68 99 9 38 15 65 76 74 44 39 85
20 6 99 19 48 94 73 47 63 96 16 11 70 75 77 61 41 52 76 72 10 15 90 5 25 45 56 66 34 71 93 40 18 36 37 24 59 28 30 86 33 57 2 13 85 100 80 60 87 58 26 9 3 81 50 92 83 91 51 29 12 44 88 14 39 82 35 53 55 7 22 27 65 38 17 68 69 62 23 4 79 46 89 43 84 49 21 42 67 32 8 1 95 64 54 97 78 98 74 31
74 99 6 53 22 9 36 15 98 79 96 33 24 42 72 11 63 90 30 31 17 34 16 97 88 86 14 64 66 29 20 87 81 28 49 7 75 4 100 39 77 38 84 43 67 47 73 25 89 59 26 95 51 12 13 91 10 19 65 18 60 69 41 5 46 27 52 82 76 94 2 50 8 21 32 55 83 23 37 92 85 40 93 35 57 61 3 56 45 48 71 80 62 68 1 70 44 78 54 58
43 30 1 50 37 81 95 62 55 60 87 46 4 19 17 29 99 48 72 69 7 27 58 56 89 24 34 8 9 42 73 97 13 47 14 100 16 57 28 33 52 32 3 86 2 85 21 39 11 77 51 41 91 31 68 71 64 78 92 90 63 45 70 22 76 6 65 59 93 35 88 80 12 96 53 38 83 23 61 10 66 15 84 44 26 75 74 54 98 40 5 36 67 25 82 79 94 49 18 20
34 52 25 9 13 1 57 70 89 80 92 83 58 30 5 10 96 61 85 11 51 39 23 87 50 12 37 40 59 38 75 63 29 99 56 91 47 53 71 32 60 97 68 49 81 35 100 24 73 22 6 44 72 3 86 93 95 18 90 48 67 15 77 8 66 74 27 43 28 69 62 2 41 46 94 36 19 88 33 26 54 78 76 7 4 45 42 20 21 64 79 82 31 65 17 55 14 98 16 84
16 58 46 52 67 26 71 59 7 31 13 85 84 5 79 37 6 17 14 95 97 9 4 48 73 35 8 24 64 76 56 39 49 82 28 80 22 40 100 62 83 86 15 44 42 69 54 38 74 23 27 75 91 66 94 81 60 2 30 92 32 29 77 87 18 33 68 50 90 53 47 96 51 88 43 34 61 36 55 19 98 3 21 1 70 65 10 78 41 63 12 57 93 20 25 45 89 99 72 11
95 81 10 13 4 88 76 25 69 39 94 78 51 6 53 35 58 96 24 70 29 59 47 63 20 49 18 40 1 21 11 9 43 26 75 45 67 82 57 100 41 85 28 38 60 12 92 16 56 91 73 34 48 55 83 27 2 15 66 77 84 68 42 62 87 99 19 80 22 30 89 90 74 14 7 50 98 31 52 23 8 33 65 79 61 37 46 54 17 71 3 64 36 44 97 93 5 72 86 32
17 89 88 57 28 98 45 36 95 42 48 74 80 1 94 82 30 61 9 4 2 18 35 11 40 24 44 96 15 67 70 78 7 10 79 51 14 47 100 23 54 72 43 53 92 52 37 49 85 25 34 83 38 41 46 66 58 90 50 75 29 5 32 19 68 16 27 26 69 71 62 93 81 87 31 64 20 76 33 97 13 59 6 21 84 60 63 8 55 91 77 3 22 56 86 39 65 73 12 99
78 35 9 4 55 37 1 40 14 10 70 62 44 34 77 21 82 88 79 51 39 67 26 66 98 76 24 100 60 45 91 74 83 7 81 43 33 56 18 59 68 58 49 85 48 95 28 38 89 30 41 27 53 50 36 93 25 46 3 84 42 57 32 61 87 19 17 71 47 29 16 69 8 90 96 75 2 94 99 6 72 11 63 52 20 13 97 5 15 22 73 54 86 64 12 31 92 23 65 80
79 42 33 84 5 65 21 37 88 80 25 51 30 38 55 95 73 3 26 100 13 94 48 17 40 20 81 70 74 99 47 85 54 19 6 66 28 2 34 22 93 72 18 9 61 49 29 44 92 45 86 14 36 24 77 23 87 10 96 71 67 50 52 56 83 63 76 75 57 91 27 53 32 46 41 90 60 35 31 59 68 82 11 69 43 62 97 16 64 15 98 58 78 1 7 89 39 12 8 4
83 1 85 76 10 73 74 39 81 92 35 24 34 48 77 49 86 66 43 93 12 70 65 68 90 6 80 2 50 33 69 13 64 79 72 16 53 63 4 94 21 84 32 88 25 57 51 82 97 56 67 28 58 45 40 30 37 29 31 87 78 19 99 15 9 54 75 3 96 44 27 23 71 46 52 22 62 36 42 95 18 11 5 7 60 20 41 47 59 14 8 89 55 61 38 17 91 98 100 26
48 51 93 72 13 42 6 55 21 97 73 100 91 30 54 99 35 64 17 71 82 90 83 40 94 75 50 85 96 22 2 74 52 70 69 29 1 8 87 95 44 79 77 89 61 39 5 3 92 65 49 88 26 16 45 62 27 43 80 9 33 78 68 84 37 7 41 60 56 98 53 12 76 15 58 63 25 46 24 67 11 47 14 81 31 86 34 36 32 10 38 66 4 57 23 28 20 19 59 18
29 53 16 57 74 28 9 75 94 69 27 47 76 34 72 58 62 78 36 19 33 3 21 88 2 92 93 61 43 15 18 17 45 70 63 64 40 55 54 90 65 52 7 85 25 66 100 95 37 97 23 59 5 77 81 4 84 24 80 11 44 73 82 79 39 14 41 87 12 32 67 30 83 26 49 10 98 22 99 60 46 96 13 31 48 68 1 91 38 50 89 42 35 86 8 56 20 6 51 71
11 70 29 1 9 74 97 76 17 63 54 57 48 24 73 16 68 95 27 78 84 88 91 89 18 4 33 99 75 62 87 67 41 64 26 43 5 20 44 82 85 65 83 3 94 39 42 61 92 100 10 90 12 98 77 52 71 58 23 14 45 38 30 31 79 2 50 34 46 19 47 86 49 80 36 59 60 37 51 32 40 53 69 66 81 56 15 6 13 8 35 28 72 21 7 22 93 96 25 55
4 64 78 6 25 20 46 31 96 37 42 22 70 95 47 15 89 91 65 54 45 14 79 62 8 35 84 71 72 61 12 16 83 67 30 77 26 7 80 49 36 97 81 11 60 44 13 23 32 98 90 73 92 18 76 63 9 28 74 100 29 41 33 88 93 1 17 48 87 56 10 39 68 52 19 34 75 55 53 94 21 69 99 3 50 82 86 43 85 2 58 27 66 40 57 5 24 38 59 51
5 56 60 44 11 52 97 39 76 72 49 20 21 84 82 51 41 99 17 4 65 34 94 92 96 10 54 93 25 28 70 55 38 62 90 24 47 18 100 98 42 46 83 87 64 71 63 68 19 88 45 69 40 33 16 73 50 58 89 6 37 80 66 77 53 2 12 81 48 8 75 57 7 9 36 67 31 32 59 35 15 30 91 86 61 22 74 85 26 3 23 95 1 79 78 13 29 27 43 14
83 43 88 25 60 87 3 69 85 95 29 19 65 42 76 78 89 72 7 9 22 16 33 73 61 63 31 74 52 96 44 59 2 38 55 49 4 75 14 94 47 26 100 40 10 80 93 37 39 45 15 81 21 70 18 5 57 71 77 82 92 84 51 24 12 56 1 68 97 54 53 36 98 90 41 86 34 58 50 11 99 20 13 46 8 23 35 64 66 48 62 67 30 32 79 17 91 6 27 28
40 27 14 49 83 74 98 84 77 76 55 66 59 45 96 72 56 35 60 25 73 67 89 86 17 37 46 5 3 65 78 44 69 10 20 57 30 58 34 93 71 79 87 48 95 47 7 91 100 1 53 50 94 52 32 54 68 12 99 97 18 88 28 75 80 43 29 16 51 23 38 24 82 62 11 81 92 41 26 36 63 13 85 61 33 22 21 8 64 90 31 42 39 9 15 2 4 19 70 6
57 8 1 12 17 71 20 46 60 24 48 68 80 63 5 7 38 10 42 29 21 83 90 99 56 95 44 54 88 41 82 32 28 40 97 58 45 70 86 84 69 37 79 62 55 19 13 43 11 74 76 14 53 27 4 22 3 100 91 49 75 72 93 81 59 50 6 39 67 9 2 85 77 51 73 78 89 16 65 26 23 34 35 96 47 87 33 92 30 61 18 52 94 31 25 64 15 66 98 36
93 38 89 65 98 69 73 6 60 54 67 49 29 72 80 94 61 55 7 44 71 85 91 33 95 64 87 81 1 5 52 70 26 36 57 2 88 83 14 8 59 92 78 18 12 19 21 79 22 37 9 75 45 35 96 27 28 97 56 31 66 46 77 41 86 11 82 15 34 58 23 43 90 47 25 53 3 76 68 39 17 100 40 63 30 42 99 24 62 20 74 16 51 48 32 84 4 10 13 50
59 34 46 44 68 84 20 80 10 63 37 61 97 41 29 66 83 18 53 43 8 16 26 2 89 60 38 24 40 93 79 86 7 98 21 3 57 14 78 36 85 73 96 4 77 5 15 9 58 74 50 56 95 23 17 27 19 32 72 69 35 22 82 1 65 25 100 92 13 45 88 48 76 28 67 30 47 51 70 91 33 42 75 64 31 62 52 55 49 99 71 90 81 6 94 12 87 39 11 54
51 13 66 75 45 21 6 26 81 71 42 24 82 9 25 60 27 22 83 53 90 46 39 86 23 36 8 7 77 89 41 96 62 92 85 35 78 80 97 84 10 49 55 20 67 69 72 29 19 57 5 95 48 38 73 11 98 34 61 54 16 76 65 50 17 68 2 44 74 88 79 4 63 30 1 93 99 87 31 58 33 32 59 56 14 12 15 47 37 91 94 3 64 52 18 43 70 100 28 40
28 63 6 14 57 82 72 24 22 80 78 92 35 16 77 18 99 37 31 8 43 1 17 60 50 79 85 36 93 49 75 54 23 21 100 68 66 9 97 4 70 46 71 33 5 73 95 40 76 91 34 38 51 59 61 52 19 13 86 53 48 42 39 20 64 81 47 2 11 27 74 45 30 94 29 69 62 58 15 10 44 87 7 41 55 26 25 56 32 89 96 65 67 98 83 12 3 84 90 88
100 16 73 69 5 29 36 17 26 65 75 57 9 84 37 24 10 97 38 42 28 14 85 66 19 40 68 41 12 56 7 88 63 61 82 46 87 71 70 3 96 30 58 18 74 52 93 92 4 39 20 11 50 48 44 89 23 90 86 67 53 79 47 22 76 78 59 81 80 2 64 6 45 91 35 32 13 8 95 49 72 62 94 54 25 83 43 1 55 31 60 27 99 51 33 21 15 77 34 98
22 28 57 54 67 86 64 38 18 1 16 84 78 10 15 98 34 71 39 80 19 75 90 36 25 4 69 21 91 70 93 35 81 100 94 65 61 5 99 42 9 8 50 17 30 14 46 43 49 52 76 95 72 59 77 45 6 41 32 85 74 66 60 87 92 55 68 29 56 37 48 88 13 79 12 58 73 7 2 27 89 40 31 24 47 26 53 3 44 96 11 83 62 20 82 63 97 33 51 23
24 38 73 10 64 23 81 75 25 27 61 89 79 9 62 86 59 13 48 74 58 14 35 76 39 33 93 99 2 43 96 26 46 11 53 92 97 6 100 19 85 31 3 29 60 88 21 15 65 56 47 20 72 87 78 91 17 71 8 67 94 57 84 45 18 55 66 34 4 42 80 30 98 49 1 7 69 68 90 54 51 32 77 82 52 12 40 28 50 95 70 16 63 83 41 36 44 37 22 5
49 1 32 67 5 65 16 25 56 28 41 33 66 96 43 26 15 2 7 53 72 84 39 63 86 58 48 9 42 55 59 82 35 50 69 74 94 92 34 19 83 75 99 40 61 27 62 8 88 21 45 76 52 11 38 18 78 37 98 47 12 17 22 87 89 46 14 95 91 51 100 90 44 36 70 30 29 60 73 10 81 54 79 24 57 77 20 93 97 71 80 3 6 68 31 85 4 64 23 13
72 37 68 48 64 38 53 60 85 50 10 46 7 78 75 89 32 9 71 54 20 6 35 88 26 14 12 57 84 39 21 31 5 100 49 22 44 45 42 4 96 55 23 56 15 27 40 47 2 70 97 95 41 83 82 98 28 13 17 67 8 1 65 16 74 73 24 91 63 3 43 93 69 59 66 33 81 76 29 61 79 58 11 99 77 34 92 25 87 30 90 80 52 36 19 18 94 62 51 86
93 94 90 38 97 56 86 28 36 49 1 89 9 46 51 39 3 55 43 52 13 58 87 59 15 26 48 25 30 45 85 71 7 74 4 88 84 77 98 42 62 44 47 41 53 100 34 22 8 66 65 67 63 2 54 60 14 33 16 80 10 95 75 31 82 78 57 40 72 32 11 50 92 5 19 91 23 73 29 69 6 99 21 27 18 35 81 17 68 83 79 96 76 20 24 70 64 12 37 61
52 4 44 78 53 28 29 7 31 88 19 85 73 17 39 25 12 79 95 6 100 67 75 18 77 35 22 70 86 94 81 13 20 56 5 76 14 34 41 45 47 43 66 33 24 69 71 62 21 59 80 26 51 48 83 96 64 63 74 46 16 61 1 8 68 99 72 11 38 89 32 30 98 91 10 40 57 90 84 55 58 50 2 36 87 82 93 23 54 9 3 65 92 27 97 60 15 49 42 37
82 57 52 65 90 54 66 60 50 45 23 5 86 59 87 74 77 70 85 25 40 22 26 81 30 33 16 75 8 12 94 36 49 32 47 64 35 37 83 80 4 72 21 29 84 39 42 18 9 41 95 1 92 97 58 96 63 3 28 98 48 17 78 10 6 24 100 56 51 99 15 73 76 69 38 31 62 88 44 13 55 19 27 91 68 43 71 46 20 93 89 2 53 61 34 79 11 67 7 14
14 44 24 70 9 41 63 96 91 49 76 66 3 87 7 95 57 45 29 79 6 11 35 72 51 56 17 92 40 90 98 43 22 100 26 27 55 1 75 81 74 39 19 34 59 20 89 10 36 37 80 54 67 68 84 28 30 53 25 58 13 97 83 18 94 21 65 52 60 77 46 78 15 31 88 32 8 99 61 64 2 93 4 12 5 71 85 82 38 86 48 50 33 69 73 16 42 62 47 23
86 93 4 99 94 46 88 56 60 7 33 6 51 74 1 64 44 38 28 50 24 61 97 18 23 71 15 100 96 40 36 43 10 65 13 12 83 55 5 62 25 67 91 41 34 77 31 59 19 17 49 68 72 39 66 37 53 47 42 85 84 81 92 78 8 54 75 2 22 35 14 90 57 79 32 80 20 58 11 27 3 76 89 70 9 30 98 69 48 29 95 45 21 63 73 87 16 26 52 82
10 93 82 56 28 71 88 73 69 99 19 79 6 98 31 96 24 45 29 36 70 95 25 17 54 43 27 78 18 16 37 51 66 97 34 87 77 59 83 5 55 20 74 53 48 21 61 63 64 7 65 39 30 42 14 41 33 8 76 86 92 90 1 89 2 94 80 3 52 13 44 11 32 91 46 100 9 57 4 58 23 84 67 47 50 22 72 38 12 68 35 40 85 81 60 49 15 75 62 26
100 45 17 22 1 33 54 34 95 56 11 70 29 13 41 65 83 75 72 5 27 48 49 71 74 39 20 43 93 37 12 40 19 66 59 81 99 97 55 63 30 86 60 91 42 84 10 90 21 32 46 14 35 53 96 15 36 18 3 87 50 9 6 80 24 8 69 51 64 28 62 78 79 38 2 92 68 82 26 89 94 23 61 4 25 16 67 52 47 73 58 57 85 77 31 88 44 76 98 7
99 63 28 40 59 89 49 46 20 16 87 56 84 75 32 38 1 73 55 4 68 66 31 100 90 33 10 78 64 96 71 53 85 34 22 77 42 65 51 88 14 23 35 6 17 9 61 79 97 2 24 7 81 41 54 82 92 18 94 11 27 72 57 93 95 74 45 36 3 25 44 12 37 43 70 39 67 52 50 48 86 29 60 91 26 19 15 30 5 69 76 98 13 62 58 8 47 80 83 21
35 58 87 46 93 92 34 15 96 11 32 18 76 39 1 22 69 85 54 57 4 21 77 95 19 33 60 42 20 16 7 63 37 8 81 82 73 100 74 56 51 47 26 38 3 70 66 29 62 91 55 13 99 84 53 83 24 97 52 5 40 17 12 10 31 78 36 45 59 72 6 90 79 71 67 2 30 50 49 64 14 23 41 43 25 61 68 89 9 65 27 98 44 88 94 80 86 75 28 48
59 75 28 52 8 36 42 4 64 94 68 69 1 44 89 76 40 43 70 6 51 80 56 97 9 93 38 33 84 49 65 46 37 55 61 67 21 35 58 96 57 100 29 85 23 11 20 73 18 7 3 60 88 98 27 41 95 22 47 19 16 48 81 87 79 62 54 91 31 15 39 90 25 83 99 71 78 82 12 13 92 2 72 45 5 77 63 10 26 30 14 74 53 50 17 32 24 34 86 66
94 23 57 77 1 64 16 92 96 13 15 59 32 76 29 81 3 71 41 90 49 18 58 82 22 65 45 61 73 44 93 99 60 70 74 4 100 67 37 55 68 46 95 69 48 19 27 12 30 33 88 83 42 38 52 28 7 6 80 98 97 53 63 5 56 34 35 21 51 31 17 62 47 24 66 72 39 36 14 11 78 54 85 89 43 84 91 75 86 8 79 26 10 9 2 25 40 50 20 87
78 72 43 74 50 15 77 40 3 26 30 28 49 69 60 75 14 35 97 31 64 94 86 68 8 18 89 73 38 54 85 4 59 41 61 24 52 79 83 76 27 7 98 42 34 22 1 70 11 81 36 16 23 47 80 19 21 44 39 55 32 9 84 88 53 45 25 58 46 17 99 87 62 57 37 56 67 12 5 29 100 82 6 91 93 90 51 48 63 96 95 10 71 66 33 2 13 65 92 20
