200 1000 200
114 173 495794943
135 171 207579999
108 198 34198485
167 174 463166166
101 155 44330920
121 133 718187904
76 119 82998419
137 176 292643738
112 145 817725628
132 135 89401568
69 112 818111692
155 158 250718118
117 169 985282731
125 136 486432313
131 163 178357888
195 198 415645303
175 199 356024296
139 153 876565420
162 174 433087861
173 189 398355631
113 144 907120233
198 199 477735997
38 131 750298291
46 146 576333717
82 158 621556521
193 195 694967636
113 193 336566791
108 184 144286866
142 195 995730856
100 172 220958268
190 196 542143875
23 141 295198900
154 159 823868776
79 151 362176422
167 177 127832826
106 165 955721772
81 126 243088239
104 181 265638181
179 190 431796615
55 68 945969617
178 184 86654410
176 180 897734321
8 11 353448197
20 127 924666013
50 85 843209990
83 108 397231142
180 185 204489110
191 197 413301038
31 174 137662902
163 186 738591428
189 195 902326046
194 199 835411780
136 149 669320691
14 101 884763823
79 129 95570631
194 195 340593479
191 198 82042581
29 62 134375023
198 199 336556669
65 83 265167808
89 175 554514941
155 163 401496687
4 48 153587825
141 149 198073053
88 142 797315340
49 159 510109823
3 138 318472856
22 123 388968432
6 109 769608491
57 122 715095380
119 170 45193771
7 154 235380975
33 174 738678916
30 172 271520261
72 177 941705510
129 188 490303475
14 193 418276805
163 197 50187150
41 49 860843468
47 180 434195643
1 177 7120289
88 123 53209679
124 172 126092832
151 158 913904168
182 183 389775441
100 113 304154507
188 196 919768427
163 187 314091968
2 13 744324877
127 169 343372523
142 187 865499066
10 123 723365165
58 197 279668118
145 188 32011771
109 182 133057375
40 60 147286462
163 189 643175341
181 189 469522858
83 144 558181997
150 160 359094243
103 189 932252315
33 154 924485581
76 165 398925887
78 151 354332851
102 189 900799658
141 179 813796507
156 174 434743024
170 186 738614631
88 145 950959784
174 188 55669807
13 116 965305570
141 159 866744030
164 181 580930921
128 162 27991051
1 26 888298041
138 182 471932697
42 140 61240643
78 121 278426257
181 186 87859295
93 137 932294335
104 115 567053713
156 158 19294347
54 187 164648832
124 161 256709272
115 168 653480499
72 129 702170274
16 170 835349005
64 133 920551188
68 185 367542539
57 87 575029480
99 107 872847419
174 177 93692867
128 200 702909311
16 71 383205968
186 187 42356099
43 131 275333340
126 158 68644348
79 112 611096115
115 117 53112866
77 200 91858105
166 186 17977199
42 166 835061195
127 187 261903512
76 157 730471767
108 185 402002124
55 173 681912250
123 193 309158699
72 105 569002969
128 161 45132425
72 146 833724290
6 106 538732900
122 163 704555012
52 88 287834146
177 191 228134668
15 186 286371726
115 156 414403522
79 198 84451220
156 174 780298787
123 190 394017340
161 162 369337505
134 173 50072292
14 71 939805176
96 97 919630786
111 144 41501522
196 198 537489304
75 98 949444766
190 193 598769592
121 157 44583213
24 60 516467771
140 160 118972557
84 171 91059836
25 81 340919722
171 177 859805659
154 175 146312738
193 195 421202095
143 154 561211879
68 179 234319244
172 185 369962267
123 150 25133750
88 119 895764007
190 192 334010340
11 196 70017565
167 190 579906104
37 193 213822799
81 190 12898430
80 113 814776879
89 97 619340709
186 199 81696361
15 116 907550586
133 138 708645951
118 126 163727787
10 174 123742755
29 143 844112634
73 75 455914650
52 193 576870080
41 185 872630351
1 53 407914661
88 192 407337078
24 71 322594973
20 42 781812067
61 162 444995877
110 142 719090026
28 142 621619647
167 171 203189240
63 146 200647083
12 27 968257266
132 200 334844134
189 197 673489997
54 62 473207655
93 109 816150510
190 193 9054872
81 169 511590339
86 123 289356051
91 142 603484194
146 174 2784926
157 187 116837473
31 197 184786023
59 155 402829749
4 74 773601667
40 120 512758351
27 147 826310564
25 121 150636724
176 179 425616922
180 190 182851932
131 146 681999116
63 195 384082574
80 103 944112375
5 101 593300091
96 197 770062438
147 168 320169368
134 162 837051890
156 187 385769792
159 183 423581820
44 191 866870921
88 112 791717290
83 179 321937765
53 117 133527199
73 83 353780733
178 186 820550398
192 200 160720969
78 129 735201824
189 192 522982388
118 134 44897427
13 131 402229358
160 161 51343830
198 200 239224145
3 158 819951699
67 144 701711608
141 161 909598109
181 183 984496477
2 65 580212970
130 165 35485491
51 103 28086738
143 189 400773956
166 174 386964809
62 83 324377100
194 196 717047002
166 172 763758997
182 192 752310309
106 163 21202836
88 94 448469659
36 199 619724229
195 200 691601784
62 98 976317059
15 164 505369600
192 198 648946602
156 192 526740989
17 112 414555057
168 192 530131575
167 182 134428930
5 7 327643829
113 195 484881308
126 176 563176308
29 30 214467307
95 197 400362086
131 158 331957223
141 199 833840621
79 136 593251691
172 182 117681432
62 108 772570326
94 157 777521630
176 183 478385896
78 135 501704089
112 114 461400789
169 174 69025733
135 190 122580910
103 128 328613113
69 148 104624625
42 48 29009957
141 183 855734126
49 147 953560077
48 142 162493788
177 179 193882373
183 198 16509627
53 78 361980653
22 77 599523564
48 186 259679599
190 192 668354190
22 122 268583032
145 199 976959642
199 200 483420404
198 200 510407617
43 195 968910797
16 156 886935045
146 197 573731109
94 107 393045141
111 192 416940497
108 178 286619630
196 199 924471577
86 189 618281518
163 190 761072814
195 200 765009851
86 161 894723308
66 165 581832212
117 125 221616976
64 145 265883894
157 160 578835772
44 70 610625970
56 75 458038505
102 192 596404941
29 186 623785132
100 135 551974361
145 160 426199660
5 76 834733970
124 126 535837538
133 136 999955516
44 51 397551635
76 98 375413819
160 191 887270539
22 171 159208691
44 55 942828251
21 89 873959394
64 165 717628373
89 104 313328122
170 188 341092357
127 142 533793092
169 179 309609714
86 154 635241650
156 194 509948053
169 174 178107459
95 105 242300185
191 196 635327836
164 189 984048340
119 136 188286309
175 196 851226246
135 183 360796835
114 138 349964752
170 171 555556181
169 184 671310839
69 143 528432401
1 92 203664601
177 193 503606367
91 107 728675375
48 88 113302678
164 195 974874372
189 194 191693303
62 194 372597621
151 167 575635463
65 200 274083497
89 96 202541105
153 191 662397203
73 90 576998043
32 78 843754215
1 137 601374536
189 190 325781210
118 130 595879790
196 199 114458397
162 198 961419545
27 135 387477659
47 140 738693376
44 145 20712561
143 144 991905958
8 198 369853357
14 138 891908789
82 199 651575627
131 161 772963222
113 185 458295404
161 181 512712276
66 118 717904088
47 134 510830002
179 186 123708342
104 142 170568586
23 200 625222281
149 192 456490088
112 139 201995886
78 105 431587174
85 170 625373076
198 200 903580233
107 183 233797883
92 200 232881117
5 111 541004912
188 198 200766093
101 181 933236424
110 137 155804485
57 193 896814683
84 111 876627596
165 175 327048131
141 177 337157596
44 123 328233686
140 183 336758084
112 199 349980128
185 194 132114753
143 150 512131365
13 76 492651736
58 179 226063510
169 170 561817079
63 65 850027985
103 157 733165581
28 35 748437598
8 98 956121831
78 116 640382504
31 138 90646477
7 153 49560121
166 181 52975837
79 151 151299002
120 181 453911718
185 195 271016745
168 195 915167240
64 144 34955740
90 107 123968074
60 156 870151605
73 164 977233276
137 179 674117415
18 34 416256783
143 157 121723240
142 174 351148722
38 122 396451063
91 179 490637166
44 62 519389265
79 81 442465540
74 140 505302766
114 120 900739974
167 194 813848194
8 189 318273332
151 170 30696049
181 187 665928344
171 172 98588562
164 192 892407012
57 103 591954984
42 169 947038858
178 186 385368605
94 106 388261405
14 166 96040320
26 171 770516327
93 106 78869313
127 154 912673482
165 166 989174827
105 121 273714395
86 171 941635105
104 116 456074812
33 54 376862108
59 187 228097977
170 176 106163044
119 133 298154662
198 199 222784142
83 199 821390199
15 143 428419765
89 93 544694944
6 20 563182716
175 180 13014447
10 149 922072131
145 162 890701991
145 182 389824807
169 171 115440030
157 199 174341696
173 176 168432793
127 198 286459926
76 126 571110310
29 181 201426531
38 139 205020475
15 152 816279055
3 39 628773582
51 59 254111592
196 197 22707125
90 125 399857825
107 115 509478975
58 139 767585933
31 62 823348498
104 140 272338844
49 116 619753670
14 87 293604629
87 153 314936258
86 134 455704725
143 185 959543383
106 174 397643719
175 182 53636890
37 129 662741093
47 49 609850758
146 148 275129966
181 183 896865489
29 155 248737960
74 83 87390990
94 188 333056857
20 156 734818436
41 102 947200833
174 187 74109260
53 121 342995162
29 122 185295153
62 151 621111250
15 59 898977731
66 82 674653384
54 110 599462588
168 185 535516998
15 21 656449688
170 178 165964287
180 197 261825903
38 160 382958922
152 175 635397653
53 80 450581981
188 195 521889140
160 165 355554765
141 160 269708840
104 149 480338885
97 171 383849051
1 76 2403462
114 176 546061795
181 185 569196191
109 194 28011673
12 82 395998828
84 193 606499067
32 141 10194515
50 164 936906501
120 174 968701757
113 188 283443531
83 142 66578259
66 198 953680474
107 188 774073594
136 157 91371601
60 198 567683088
99 140 92640442
123 147 154801511
199 200 708774062
118 188 879652482
26 64 397108008
138 191 836009358
61 90 244192168
1 118 5851555
154 162 319095563
8 45 655258427
107 133 107442857
142 159 536585970
46 157 524302256
177 195 667377279
43 107 75148479
199 200 581460466
182 196 71021510
68 78 116570927
10 176 288841244
153 176 371468202
175 186 784467169
172 199 193162340
59 132 4921238
53 183 907769893
170 184 972691194
83 167 427449851
54 175 539639847
30 41 625563634
12 104 452657644
128 150 688262164
9 42 555576427
60 103 612456355
67 77 98268918
13 188 671506069
16 82 986344999
176 186 809212751
19 31 845311038
136 155 582887590
194 199 270179262
198 200 437587474
114 170 39432266
60 113 753011252
155 158 253379516
191 200 507724171
69 96 125254534
196 198 120020849
186 193 813653581
35 107 455481179
102 193 120936387
43 58 381577808
133 196 857959109
137 196 481644202
155 197 107236788
169 196 308758540
10 195 925109016
17 67 168647587
131 132 385916530
80 157 140403360
138 151 425689440
119 183 324247797
173 195 358328567
29 155 433991246
193 194 781282140
62 199 20091218
36 120 220862373
141 178 144056602
131 198 348614126
169 176 677070065
49 79 117798846
46 121 9844814
25 79 96052379
75 164 493646094
82 183 46248170
192 195 433550326
132 171 179861773
130 149 772823400
104 155 988105399
108 122 289556579
163 171 336694417
141 182 477121984
85 102 941900306
39 101 44454826
170 192 554603419
67 115 650470238
77 125 854475986
136 168 513425188
135 148 265648447
18 198 214631565
6 37 484488492
163 174 106938094
161 193 437674680
48 197 960656412
103 169 428284221
172 190 829178216
94 199 9190628
13 194 259671261
175 177 963122821
145 192 356297400
176 199 76066755
194 199 918529832
111 146 462122344
16 174 982143558
46 61 157440509
109 142 837841495
188 200 184492205
134 197 380581440
136 189 67203676
87 157 961624649
61 185 407521538
196 200 383297301
165 199 274466636
164 184 504796385
172 175 425879668
37 171 836154620
180 200 754015328
15 142 407417734
83 122 663065593
123 169 61689196
54 67 146400205
40 190 541349539
182 185 650136808
164 185 252671652
148 193 440206830
115 122 406475047
74 173 936750717
145 178 617916707
134 138 554056897
98 137 21521924
77 140 901412184
81 183 428576558
109 139 933273959
137 145 452491698
66 108 51943164
148 161 585993295
20 73 111050663
74 99 207647659
120 197 667707731
14 35 56666834
155 200 22092137
39 167 187725294
31 176 46960679
128 193 534601032
29 108 625956924
105 156 618159743
41 136 833566376
123 186 561289734
45 57 904833746
71 173 503331043
177 197 95964395
1 103 576802981
72 167 465983105
20 200 128285606
157 199 190800230
107 200 19299714
97 182 76851907
17 117 754663895
97 114 493966455
158 181 470574909
7 49 656648373
21 138 922243208
23 137 538399709
160 185 849902140
137 168 758335641
52 145 566515281
45 59 134681147
127 190 686558248
25 92 687249750
165 176 709231308
97 188 45581466
183 196 145250156
112 182 372259316
93 151 228481048
126 190 201023974
123 170 98428091
186 195 21393699
28 77 118142040
45 187 57025134
58 99 98198153
46 173 382168756
170 187 762714420
76 200 232602470
150 192 608129678
121 161 344421660
9 172 618354517
187 199 488142951
68 106 479857992
142 189 917253878
185 190 876974058
57 200 373829868
20 164 131344760
155 164 631457919
166 200 357127720
70 184 597930964
16 120 887909283
83 184 463240986
111 187 622082244
84 186 31612644
100 198 517564305
110 122 100555979
19 114 80197497
162 191 89336900
61 122 403926479
17 93 224424894
135 196 492456582
80 199 533103616
72 101 208169262
53 54 459632576
67 110 789529646
57 169 504497030
19 48 546459715
68 175 634724803
140 152 788928569
32 73 488586029
111 114 631470823
60 117 975138140
33 151 138622320
76 140 997554602
120 144 781205943
15 25 752527943
114 166 718882083
94 145 481776026
73 161 565660052
26 143 719482335
37 150 90193572
191 199 582576894
65 125 31671586
23 60 181089960
80 110 611883211
158 163 990190264
104 183 944208458
195 196 81303495
77 189 984327538
157 172 86144528
106 115 368786874
79 143 611452038
9 141 167073016
92 196 337866291
34 50 218653793
106 156 423451092
45 191 785736129
35 122 67915697
30 50 636961526
170 171 185226689
137 178 258895794
29 111 795697661
18 118 196124017
180 181 183189763
166 177 184651191
81 180 953314031
70 134 848961166
113 189 4801654
168 200 152139071
110 152 796736067
41 117 370097999
111 184 382632598
155 172 516897212
89 167 216215833
5 85 843857017
91 154 676289797
65 121 749752358
195 196 36657525
177 200 905249300
198 200 138846729
66 111 306546295
102 163 364645823
96 176 797262573
175 192 934831117
65 157 103378735
32 50 278736962
102 164 558338069
96 111 59286813
182 197 333867727
161 182 8104110
47 122 321865313
167 199 334796909
120 140 70944096
6 83 864510872
166 169 777956330
141 158 162228177
191 192 883376107
165 185 810778103
15 120 124819341
194 195 760059203
114 181 417090560
72 132 224013990
87 150 362575979
78 173 714290786
86 178 401191217
199 200 149066215
117 186 371022696
140 170 787104240
189 197 323380374
169 185 713401565
2 64 560883885
193 197 856134482
113 114 5602377
83 192 212109583
25 136 78157608
138 186 80039953
123 150 341212905
120 188 797865962
72 137 139600393
56 141 849786205
81 193 292501786
82 198 217061437
95 149 332025413
144 171 458578311
112 133 607159553
189 190 184488381
4 102 778847252
29 110 31950212
137 199 730359243
181 189 804160128
71 167 386881653
32 66 293108335
24 37 90585892
147 175 890188420
196 199 287187623
132 196 176531717
86 147 138368194
47 124 809908008
167 198 175934895
170 184 572940585
136 183 546732506
116 165 899182255
146 176 997223383
78 155 594939232
78 151 671551655
33 49 252144578
109 118 116223020
135 159 448634452
116 188 584205800
135 149 263612652
165 182 538380797
153 171 646452307
118 192 36162657
178 199 102930462
108 189 766988896
93 191 152726223
9 124 765739095
35 60 908621868
155 175 969500079
195 200 543720414
163 186 852502807
96 118 241398860
69 196 76942085
160 176 394802105
107 134 413101678
169 172 700465052
7 122 961883075
161 181 10188351
76 137 345060911
182 188 996377754
170 179 599921423
37 95 19316849
137 147 559884722
167 177 136485035
141 178 932079442
125 197 85791733
158 161 410691921
148 189 329535895
17 200 300262840
21 35 73445013
36 147 167262188
11 87 265643785
181 186 961959345
114 143 374480832
93 128 275944036
144 164 410357778
154 171 357642868
10 103 645030918
76 191 76350754
165 190 378759333
182 185 604474489
58 198 964784798
73 141 745434511
139 141 799191322
79 168 268003581
158 194 929981153
171 197 256290715
106 141 486422446
121 163 130854272
14 134 382368206
3 154 711594808
173 196 137419263
26 48 58395975
51 58 743320454
120 178 576802270
52 182 303971474
176 194 599145180
55 192 985497296
59 100 812849672
71 125 510277710
69 171 387609996
92 177 208642197
62 151 646332083
18 98 319900672
72 174 396439782
62 198 885342050
50 86 238952164
136 186 399969752
34 135 56181824
42 136 531516651
72 191 584675104
190 197 453056233
133 148 306793524
40 194 193827716
10 39 683507444
141 185 490443435
46 142 106925597
112 128 247113128
157 171 418145901
169 197 448266362
176 197 316952988
44 71 681322356
74 158 706955166
59 166 882988822
80 113 40268312
41 101 25535018
120 163 885143071
162 193 91676194
132 173 11101239
139 182 434521009
126 131 837035658
66 142 344351656
111 116 62003048
93 182 34507282
101 181 356418559
18 119 721050002
16 79 491422043
165 195 661747963
188 194 78731680
95 191 258831152
16 21 888361861
92 196 39940926
180 185 672765459
91 182 63229623
123 157 626082463
65 69 350775376
42 105 14898436
25 166 844335805
41 159 666743845
199 200 210940364
187 190 65385634
105 106 565091776
24 53 706822105
13 34 221674736
59 147 21532960
74 84 809644959
123 130 813337408
122 189 482884125
108 115 403774004
141 196 230842654
115 155 106673442
189 200 384602713
135 194 220560025
43 146 45137252
93 185 80774925
60 82 510210766
40 171 853504399
194 200 132418429
98 200 233075408
83 167 850037834
1 198 874806872
154 199 100183002
13 126 363860993
23 194 766393535
133 136 91400634
99 125 624984015
132 174 38044538
199 200 629181123
Q
A 188 199 305744788
D 118
A 106 169 464865039
Q
D 384
A 46 198 911947779
A 54 140 391741954
Q
A 45 141 641368042
D 122
Q
Q
D 481
D 875
A 138 167 141377822
A 54 146 123756679
Q
D 649
A 126 129 90537670
Q
Q
D 841
D 805
Q
D 747
D 677
A 171 193 633238732
D 702
Q
Q
A 162 168 938631983
A 35 156 925902974
Q
Q
A 17 168 610288883
Q
A 110 186 28870699
Q
A 116 167 850080122
Q
A 25 85 392598535
D 748
D 939
D 168
Q
A 78 111 410884217
Q
A 57 119 609924503
Q
A 68 132 175528112
D 696
Q
Q
A 30 91 175473041
Q
Q
Q
A 84 116 442922960
Q
A 146 181 601187996
D 581
D 740
D 814
Q
A 54 195 909523211
Q
Q
Q
A 32 102 385908394
D 345
A 152 178 721922861
Q
A 91 196 758121619
D 196
A 58 135 408643593
D 818
D 832
A 161 190 343348720
Q
D 896
D 842
Q
D 414
A 111 120 792484815
A 39 76 938541490
A 13 71 389180497
Q
D 312
D 290
A 180 189 179506881
Q
A 113 140 156251536
D 125
Q
Q
D 358
A 20 70 79269208
D 260
A 58 145 842686891
Q
Q
A 154 189 379429917
A 14 51 281649723
A 169 183 784042457
Q
A 58 170 486124845
A 126 170 807817773
Q
Q
D 1002
A 40 93 413939487
D 449
A 118 147 762320285
Q
A 174 183 121130475
A 60 173 439765529
D 771
D 84
Q
A 171 197 49502739
Q
Q
D 858
A 94 168 365982448
Q
A 148 180 127299509
Q
Q
Q
D 209
Q
Q
D 62
Q
Q
D 789
Q
A 107 151 950104487
A 156 193 52285317
Q
Q
A 142 194 537300399
A 80 191 51879215
D 88
D 71
Q
D 851
A 68 108 378692549
A 11 198 450300310
A 186 192 48635179
A 17 159 756584443
D 562
A 81 133 173492970
A 139 160 816863529
Q
A 139 159 348475684
Q
A 134 199 543463737
A 152 154 509753330
D 1001
D 770
Q
A 100 140 34684378
D 517
D 989
D 953
A 16 46 483729014
Q
Q
A 126 182 242764143
Q
D 583
Q
A 116 189 247641086
D 32
Q
D 44
A 197 200 619018891
Q
D 979
Q
A 95 198 221718284
Q
A 92 167 602869725
Q
A 140 167 595993411
D 923
A 175 182 281041774
D 305
D 871
D 505
D 846
A 103 111 676169210
A 74 154 874163795
Q
D 857
D 126
Q
Q
